128	0	0	202	736897	1
27	1	0	23	736910	1
171	0	3	109	736910	1
95	3	0	62	736921	1
7	0	0	238	736924	1
92	1	5	114	736924	1
95	1	0	62	736924	1
23	2	2	114	736926	1
204	1	1	9	736928	1
9	1	2	190	736931	1
23	0	0	62	736932	1
21	0	1	215	736935	1
23	0	2	62	736935	1
133	1	4	207	736935	1
227	3	1	38	736938	2.5
79	1	1	42	736939	1
94	4	0	165	736939	2.5
148	4	1	133	736939	2.5
133	2	0	94	736941	2.5
148	9	0	165	736941	2.5
155	1	2	170	736941	2.5
21	2	0	30	736941	2.5
81	1	1	207	736942	1
205	3	0	66	736942	1
106	2	0	215	736942	2.5
88	0	0	83	736943	3
65	1	2	237	736943	3
246	4	1	183	736943	3
166	2	0	64	736943	3
206	1	2	40	736943	3
118	0	2	87	736943	3
125	0	0	7	736943	3
12	2	1	130	736943	3
90	0	2	163	736943	3
16	2	0	218	736943	1
20	1	1	178	736943	1
117	0	1	126	736943	1
123	1	1	171	736943	1
156	2	1	177	736943	1
180	1	1	61	736943	1
230	2	0	238	736943	1
242	1	1	220	736943	1
165	1	1	133	736943	2.5
148	1	1	94	736943	2.5
155	4	0	30	736943	2.5
21	1	0	170	736943	2.5
68	0	0	217	736943	2.5
99	3	0	23	736943	2.5
112	1	1	179	736944	3
232	1	2	185	736944	3
3	1	0	111	736944	3
131	0	1	199	736944	3
184	0	0	149	736944	3
80	3	1	139	736944	3
18	0	0	121	736944	3
11	3	0	95	736944	1
223	2	0	136	736944	1
71	2	0	114	736944	1
211	2	0	60	736944	1
146	1	4	241	736944	1
182	1	0	55	736944	1
197	0	4	26	736944	1
203	1	1	145	736944	1
239	0	2	36	736944	1
244	1	2	56	736944	1
137	0	0	215	736944	2.5
9	0	5	84	736944	2.5
10	0	3	189	736944	2.5
27	4	0	19	736944	2.5
219	6	0	105	736945	3
74	1	2	214	736945	3
164	1	2	34	736945	3
82	1	0	104	736945	3
77	0	1	91	736945	3
25	5	0	193	736945	3
132	4	0	147	736945	3
38	1	0	227	736945	2.5
75	1	0	216	736945	2.5
57	1	1	44	736945	2.5
85	1	1	42	736945	2.5
86	1	1	5	736945	2.5
210	0	0	129	736945	2.5
144	2	0	41	736945	2.5
72	6	0	160	736945	2.5
154	1	1	253	736945	2.5
236	0	0	225	736945	2.5
170	3	0	30	736945	2.5
21	0	2	155	736945	2.5
191	0	2	159	736945	2.5
62	11	0	234	736945	2.5
150	1	2	73	736945	2.5
83	2	1	156	736946	3
237	1	0	205	736946	3
66	2	0	246	736946	3
40	1	0	166	736946	3
64	2	1	206	736946	3
87	1	0	125	736946	3
163	2	0	12	736946	3
130	2	0	90	736946	3
88	2	1	177	736946	1
126	0	0	167	736946	1
58	1	1	254	736946	2.5
186	1	2	113	736946	2.5
106	2	0	137	736946	2.5
33	0	5	69	736946	2.5
240	0	8	45	736946	2.5
14	3	1	29	736946	2.5
114	4	0	49	736946	2.5
188	1	0	181	736946	2.5
180	1	0	112	736947	3
218	2	3	232	736947	3
197	2	0	3	736947	3
149	2	0	131	736947	3
199	2	2	184	736947	3
7	1	1	118	736947	3
121	2	0	80	736947	3
139	1	1	18	736947	3
20	0	0	55	736947	1
43	1	3	136	736947	1
122	2	2	109	736947	1
123	2	1	220	736947	1
185	5	1	65	736947	1
196	2	2	32	736947	1
100	13	0	204	736947	2.5
63	10	0	92	736947	2.5
105	0	3	26	736948	3
214	6	0	61	736948	3
34	1	0	16	736948	3
104	2	1	91	736948	3
82	1	0	77	736948	3
193	0	3	132	736948	3
147	0	0	25	736948	3
56	0	0	11	736948	1
71	2	0	95	736948	1
74	1	0	219	736948	1
85	0	1	253	736948	1
107	1	0	145	736948	1
115	3	0	60	736948	2.5
117	0	0	167	736948	1
119	1	0	135	736948	1
211	0	0	54	736948	1
124	0	3	238	736948	1
128	1	2	161	736948	1
164	3	0	111	736948	1
172	0	2	244	736948	1
179	1	1	183	736948	1
182	3	0	171	736948	1
203	2	0	81	736948	1
239	1	0	146	736948	1
242	0	1	108	736948	1
190	0	3	93	736948	2.5
36	5	0	73	736949	1
106	3	1	170	736949	2.5
155	0	3	137	736949	2.5
137	2	1	106	736952	2.5
35	1	0	154	736967	1
191	1	1	23	736967	1
3	0	0	117	736977	1
107	3	0	153	736977	1
112	1	1	237	736977	1
79	0	0	119	736977	2.5
253	2	1	98	736977	2.5
179	2	3	180	736978	3
185	0	0	218	736978	3
111	2	1	197	736978	3
149	0	2	199	736978	3
131	1	2	184	736978	3
80	0	3	18	736978	3
121	3	1	139	736978	3
11	4	0	109	736978	1
20	0	1	220	736978	1
83	2	2	105	736978	1
102	1	1	238	736978	1
103	0	1	226	736978	1
122	1	0	126	736978	1
146	3	2	60	736978	1
232	0	0	34	736978	1
239	2	4	56	736978	1
246	1	4	214	736978	1
58	3	1	128	736978	2.5
84	0	1	191	736978	2.5
26	2	1	219	736979	3
61	0	0	74	736979	3
16	1	0	164	736979	3
77	0	1	82	736979	3
91	1	0	104	736979	3
25	1	0	132	736979	3
147	2	0	193	736979	3
43	2	2	227	736979	1
115	3	0	172	736979	2.5
211	2	1	241	736979	1
177	3	0	54	736979	1
182	4	3	71	736979	1
196	0	2	36	736979	1
203	2	0	148	736979	1
215	1	4	136	736979	1
44	1	0	135	736979	2.5
85	3	0	213	736979	2.5
228	1	1	86	736979	2.5
113	4	0	50	736979	2.5
8	4	1	144	736979	2.5
72	4	1	78	736979	2.5
46	3	0	225	736979	2.5
24	4	2	244	736979	1
240	0	5	63	736979	2.5
19	0	6	10	736979	2.5
69	3	0	49	736979	2.5
29	12	0	204	736979	2.5
92	0	2	62	736979	2.5
156	3	0	88	736980	3
205	1	2	65	736980	3
183	0	0	66	736980	3
166	1	0	206	736980	3
40	2	1	64	736980	3
125	1	1	118	736980	3
87	3	0	7	736980	3
12	0	1	90	736980	3
163	4	1	130	736980	3
55	0	0	106	736980	1
153	0	3	32	736980	1
167	1	1	178	736980	1
242	2	0	162	736980	1
75	0	1	134	736980	2.5
161	4	0	129	736980	2.5
181	0	1	141	736980	2.5
234	0	8	99	736980	2.5
217	5	0	37	736980	2.5
73	3	0	23	736980	2.5
179	0	1	112	736981	3
185	2	0	232	736981	3
111	2	0	3	736981	3
184	0	0	199	736981	3
131	1	4	149	736981	3
80	1	1	121	736981	3
18	1	1	139	736981	3
197	1	3	180	736981	1
226	1	0	230	736981	1
98	2	1	253	736981	2.5
190	0	10	188	736981	2.5
33	0	6	114	736981	2.5
150	1	0	27	736981	2.5
159	6	0	9	736981	2.5
105	1	2	219	736982	3
214	2	3	74	736982	3
34	2	0	164	736982	3
77	3	3	104	736982	3
82	2	0	91	736982	3
132	3	0	193	736982	3
25	0	0	147	736982	3
61	2	1	117	736982	1
122	0	4	15	736982	1
196	1	1	109	736982	1
83	2	1	88	736983	3
237	1	0	65	736983	3
183	0	1	246	736983	3
166	1	0	40	736983	3
206	1	1	64	736983	3
118	4	0	7	736983	3
125	0	3	87	736983	3
12	4	0	163	736983	3
90	2	1	130	736983	3
20	4	1	153	736983	1
26	1	1	156	736983	1
43	1	2	203	736983	1
55	2	0	220	736983	1
56	3	1	60	736983	1
66	2	0	16	736983	1
107	1	1	103	736983	1
108	2	1	32	736983	1
115	4	3	241	736983	2.5
211	2	2	172	736983	1
124	1	4	148	736983	1
136	0	1	123	736983	1
146	0	1	54	736983	1
167	0	0	71	736983	1
218	1	1	205	736983	1
238	0	2	244	736983	1
239	1	1	177	736983	1
242	2	0	182	736983	1
134	1	0	75	736983	2.5
135	0	0	44	736983	2.5
42	1	1	138	736983	2.5
28	1	0	5	736983	2.5
200	0	0	210	736983	2.5
128	2	1	58	736983	2.5
50	0	0	113	736983	2.5
144	1	0	8	736983	2.5
78	0	2	72	736983	2.5
225	2	0	46	736983	2.5
11	0	1	36	736983	2.5
141	4	0	37	736983	2.5
45	5	0	68	736983	2.5
93	0	0	14	736983	2.5
189	1	2	100	736983	2.5
176	2	1	251	736988	1
136	3	0	137	737001	1
43	0	1	136	737006	2.5
124	0	3	245	737006	2.5
203	1	0	107	737007	2.5
226	7	0	227	737007	2.5
162	4	1	148	737009	2.5
223	1	2	103	737009	2.5
153	4	1	43	737010	2.5
136	3	1	124	737010	2.5
107	3	1	227	737011	2.5
178	1	0	203	737011	2.5
223	2	1	148	737011	2.5
103	0	0	162	737011	2.5
219	0	1	182	737012	1
243	0	1	157	737012	1
26	2	0	105	737013	3
61	3	2	214	737013	3
16	0	0	34	737013	3
104	2	0	77	737013	3
91	1	0	82	737013	3
7	1	1	87	737013	3
118	1	1	125	737013	3
132	0	2	25	737013	3
193	0	1	147	737013	3
74	3	0	239	737013	1
88	3	0	185	737013	1
108	1	0	230	737013	1
111	7	0	95	737013	1
177	0	2	71	737013	1
179	0	1	65	737013	1
183	0	0	164	737013	1
242	0	0	126	737013	1
156	2	0	83	737014	3
205	4	1	237	737014	3
246	1	2	66	737014	3
206	1	1	166	737014	3
64	1	1	40	737014	3
90	2	6	12	737014	3
130	0	2	163	737014	3
11	2	0	146	737014	1
36	1	0	241	737014	1
54	2	3	60	737014	1
102	1	0	172	737014	1
115	1	1	244	737014	2.5
167	1	1	220	737014	1
171	2	1	170	737014	1
196	1	0	249	737014	1
238	0	0	32	737014	1
124	1	3	153	737014	2.5
245	2	0	136	737014	2.5
151	2	0	44	737014	2.5
213	2	5	42	737014	2.5
72	3	2	231	737014	2.5
223	0	2	162	737014	2.5
148	1	5	103	737014	2.5
92	5	2	190	737014	2.5
29	1	0	73	737014	2.5
14	0	2	150	737014	2.5
27	1	0	181	737014	2.5
112	0	0	180	737015	3
232	0	1	218	737015	3
3	0	4	197	737015	3
199	2	1	149	737015	3
184	3	0	131	737015	3
139	0	5	121	737015	3
18	2	0	80	737015	3
15	1	1	211	737015	1
117	2	1	106	737015	1
243	2	2	157	737015	1
226	4	2	107	737015	2.5
227	2	3	178	737015	2.5
75	0	1	198	737015	2.5
86	3	1	28	737015	2.5
200	1	8	129	737015	2.5
154	0	0	98	737015	2.5
236	1	0	46	737015	2.5
62	1	0	69	737015	2.5
114	2	1	217	737015	2.5
49	0	0	189	737015	2.5
159	0	2	100	737015	2.5
219	5	2	26	737016	3
74	2	1	61	737016	3
164	1	2	16	737016	3
91	0	1	77	737016	3
104	2	0	82	737016	3
193	0	2	25	737016	3
147	1	1	132	737016	3
214	1	0	34	737016	1
79	0	2	89	737016	2.5
58	1	1	70	737016	2.5
97	1	1	113	737016	2.5
8	2	1	41	737016	2.5
251	5	4	173	737016	1
234	3	2	191	737016	2.5
19	1	1	9	737016	2.5
23	3	0	240	737016	2.5
188	0	1	45	737016	2.5
88	2	2	156	737017	3
65	1	0	205	737017	3
66	0	0	183	737017	3
40	1	1	206	737017	3
64	0	2	166	737017	3
7	0	0	125	737017	3
87	2	1	118	737017	3
163	4	0	90	737017	3
130	2	2	12	737017	3
105	2	2	182	737017	1
167	2	1	20	737017	1
63	6	0	93	737017	2.5
141	4	2	10	737017	2.5
180	1	1	179	737018	3
218	2	0	185	737018	3
197	3	2	111	737018	3
149	0	1	184	737018	3
199	4	1	131	737018	3
121	4	0	18	737018	3
139	1	1	80	737018	3
3	1	0	246	737018	1
11	2	0	146	737018	1
15	3	0	126	737018	1
36	1	0	44	737018	1
54	4	1	102	737018	1
55	1	1	171	737018	1
73	1	0	100	737018	1
83	1	0	241	737018	1
108	1	1	244	737018	1
109	0	0	32	737018	1
112	1	0	239	737018	1
115	4	0	123	737018	2.5
117	1	1	196	737018	1
211	4	0	242	737018	1
122	1	2	220	737018	1
161	0	0	236	737018	1
172	1	2	71	737018	1
177	2	3	60	737018	1
210	1	1	175	737018	1
231	0	1	151	737018	1
232	0	0	237	737018	1
238	2	0	249	737018	1
153	0	0	245	737018	2.5
43	3	1	124	737018	2.5
204	0	2	68	737018	2.5
84	2	1	99	737018	2.5
178	1	1	226	737019	2.5
203	6	1	227	737019	2.5
245	3	0	43	737022	2.5
136	3	0	153	737022	2.5
107	0	0	178	737023	2.5
226	3	0	203	737023	2.5
136	0	0	226	737029	2.5
178	1	2	245	737030	2.5
226	2	2	136	737033	2.5
245	2	1	178	737034	2.5
136	2	2	245	737039	2.5
167	2	1	224	737041	1
245	1	0	136	737043	2.5
167	1	0	224	737044	1
171	2	0	170	737044	1
20	5	0	224	737048	1
117	0	1	123	737048	1
182	2	0	117	737051	1
109	2	1	55	737052	1
171	1	1	108	737052	1
2	0	2	233	737053	1
182	1	0	123	737053	1
245	1	1	162	737053	1
20	1	0	126	737055	1
106	0	0	167	737055	1
182	0	1	5	737055	1
55	1	1	117	737056	1
109	1	0	171	737056	1
238	0	2	122	737056	1
20	4	0	162	737057	1
15	5	0	167	737058	1
249	0	1	220	737058	1
211	0	0	196	737059	1
123	2	1	171	737059	1
178	2	4	245	737059	1
182	1	2	108	737059	1
167	2	0	226	737061	1
238	1	1	20	737064	3
226	1	4	106	737065	3
15	0	1	117	737065	3
220	0	0	171	737065	3
55	2	1	123	737066	3
211	1	0	178	737066	3
108	5	0	249	737066	3
82	1	0	218	737067	1
109	3	2	245	737067	3
196	4	0	162	737067	3
182	2	0	126	737068	3
115	3	2	233	737068	3
242	2	1	167	737068	3
20	0	1	226	737069	3
117	2	0	220	737069	3
238	2	0	106	737069	3
77	2	1	82	737070	1
105	2	2	218	737070	1
171	0	3	15	737070	3
178	0	3	55	737070	3
123	0	1	211	737070	3
245	0	2	108	737071	3
249	0	3	109	737071	3
126	0	2	196	737071	3
162	0	6	182	737072	3
167	0	1	115	737072	3
233	0	4	242	737072	3
106	0	1	20	737073	3
238	1	1	226	737073	3
77	0	0	105	737074	1
15	3	2	220	737074	3
171	0	0	117	737074	3
211	2	0	55	737075	3
123	3	1	178	737075	3
108	0	0	109	737075	3
245	2	0	249	737075	3
126	4	1	162	737076	3
196	0	2	182	737076	3
115	2	1	242	737076	3
167	3	1	233	737076	3
108	2	0	167	737079	3
117	1	1	245	737079	3
226	1	2	55	737079	3
15	0	0	242	737080	3
115	1	0	196	737080	3
238	3	2	123	737080	3
211	2	1	20	737081	3
182	1	0	109	737081	3
55	0	3	108	737083	3
245	0	1	115	737083	3
211	0	1	182	737084	3
238	1	0	15	737084	3
239	3	0	172	737086	1
108	0	3	115	737087	3
238	0	4	182	737088	3
115	1	3	182	737091	3
239	2	0	60	737092	1
118	1	0	147	737111	1
62	5	0	29	737117	1
32	2	2	159	737121	1
23	3	0	92	737122	1
73	3	1	95	737124	1
43	0	1	21	737127	1
19	6	1	234	737134	1
81	3	0	157	737136	1
207	3	1	243	737136	1
153	0	0	223	737137	1
88	1	1	199	737138	1
246	1	0	230	737138	1
121	2	2	66	737139	1
122	0	0	155	737139	1
145	3	1	157	737139	1
238	2	1	196	737139	1
239	1	0	71	737139	1
164	2	0	77	737139	2.5
156	4	0	25	737139	2.5
61	2	1	18	737139	2.5
205	2	0	104	737139	2.5
16	0	1	179	737139	2.5
163	3	1	125	737139	2.5
111	1	1	206	737139	2.5
64	5	0	193	737139	2.5
26	3	1	185	737139	2.5
118	3	0	197	737139	2.5
37	2	2	234	737139	2.5
11	1	3	244	737140	1
95	1	0	60	737140	1
115	0	1	56	737140	2.5
211	1	0	32	737140	1
146	3	1	54	737140	1
177	1	0	175	737140	1
40	1	1	149	737140	2.5
74	5	0	65	737140	2.5
180	0	0	237	737140	2.5
132	2	1	131	737140	2.5
3	0	2	232	737140	2.5
7	0	2	105	737140	2.5
147	1	4	83	737140	2.5
35	0	1	8	737140	2.5
9	0	3	240	737140	2.5
191	2	1	33	737140	2.5
49	1	2	150	737140	2.5
189	3	2	14	737140	2.5
36	1	1	172	737141	1
136	2	1	2	737141	1
167	1	1	203	737141	1
87	0	2	219	737141	2.5
90	0	1	183	737141	2.5
139	2	1	80	737141	2.5
218	2	1	184	737141	2.5
214	2	1	166	737141	2.5
34	2	1	12	737141	2.5
112	2	0	82	737141	2.5
130	0	2	91	737141	2.5
198	2	0	134	737141	2.5
44	3	0	57	737141	2.5
138	3	0	213	737141	2.5
89	1	0	119	737141	2.5
160	1	1	72	737141	2.5
253	4	1	154	737141	2.5
68	4	0	19	737141	2.5
204	4	3	190	737141	2.5
10	2	1	63	737141	2.5
99	2	1	27	737141	2.5
217	2	0	188	737141	2.5
93	0	1	141	737141	2.5
223	0	1	207	737142	1
81	1	0	145	737142	1
164	2	1	25	737142	2.5
156	2	3	88	737142	2.5
246	1	0	205	737142	2.5
104	2	1	61	737142	2.5
111	4	2	16	737142	2.5
179	2	0	125	737142	2.5
206	1	1	163	737142	2.5
193	0	2	197	737142	2.5
118	0	4	185	737142	2.5
64	0	2	26	737142	2.5
28	2	1	228	737142	2.5
129	1	2	210	737142	2.5
254	2	0	58	737142	2.5
50	0	0	97	737142	2.5
225	3	0	236	737142	2.5
37	1	2	33	737142	2.5
181	0	2	92	737142	2.5
45	4	1	84	737142	2.5
69	1	3	29	737142	2.5
100	2	1	62	737142	2.5
23	0	1	159	737142	2.5
73	2	0	114	737142	2.5
48	2	1	244	737143	1
18	0	0	131	737143	1
122	1	0	155	737143	1
153	0	2	107	737143	1
196	3	2	75	737143	1
121	1	1	40	737143	2.5
149	1	5	74	737143	2.5
180	1	1	199	737143	2.5
132	1	2	237	737143	2.5
232	4	0	147	737143	2.5
7	0	3	3	737143	2.5
83	4	0	105	737143	2.5
5	1	0	231	737144	1
60	1	0	114	737144	1
65	1	3	36	737144	1
89	3	1	144	737144	1
90	0	1	77	737144	1
102	0	0	71	737144	1
113	1	0	128	737144	1
115	0	1	32	737144	2.5
211	2	1	56	737144	1
151	0	1	11	737144	1
159	0	1	95	737144	1
161	1	0	72	737144	1
175	2	4	146	737144	1
177	0	2	73	737144	1
198	2	1	138	737144	1
238	0	0	220	737144	1
239	1	1	54	737144	1
183	1	0	87	737144	2.5
219	3	3	66	737144	2.5
139	0	2	214	737144	2.5
166	3	3	218	737144	2.5
184	4	1	80	737144	2.5
34	2	2	91	737144	2.5
112	6	0	130	737144	2.5
12	0	2	82	737144	2.5
35	2	0	200	737169	2.5
78	0	0	135	737169	2.5
251	6	2	209	737183	1
135	1	1	78	737190	2.5
200	1	3	35	737190	2.5
78	2	2	145	737204	2.5
120	5	0	22	737204	1
47	6	3	52	737204	1
152	1	2	154	737205	2.5
135	3	0	200	737205	2.5
78	2	2	57	737206	2.5
200	0	0	152	737207	2.5
154	1	2	135	737207	2.5
124	2	1	215	737207	1
57	2	1	145	737208	2.5
172	0	0	24	737208	1
152	1	1	135	737209	2.5
154	3	0	200	737209	2.5
232	2	1	91	737209	1
124	2	2	215	737210	1
127	0	0	236	737211	2.5
254	2	0	57	737211	2.5
244	1	1	71	737211	1
251	1	0	176	737211	2.5
210	2	2	35	737212	2.5
253	2	2	135	737212	2.5
73	1	0	100	737212	1
83	2	0	32	737212	1
132	3	3	134	737212	1
136	2	0	155	737212	1
232	0	0	242	737212	1
1	3	1	53	737212	2.5
13	3	2	195	737212	2.5
169	4	0	221	737212	2.5
247	1	2	212	737212	2.5
176	9	2	52	737212	2.5
56	3	0	172	737213	1
243	2	0	222	737213	1
13	1	4	53	737213	2.5
195	0	1	1	737213	2.5
221	0	5	247	737213	2.5
212	2	1	169	737213	2.5
57	1	2	135	737214	2.5
13	1	1	1	737214	2.5
53	4	0	195	737214	2.5
212	2	2	221	737214	2.5
169	1	1	247	737214	2.5
210	1	1	236	737214	2.5
127	1	2	35	737215	2.5
254	0	0	253	737215	2.5
36	2	0	182	737215	1
115	0	0	230	737215	2.5
146	3	1	244	737215	1
175	1	1	102	737215	1
177	1	0	60	737215	1
239	0	1	114	737215	1
180	3	1	219	737215	3
29	1	0	99	737216	1
54	2	1	100	737216	1
223	1	1	155	737216	1
108	5	0	220	737216	1
205	5	1	117	737216	1
224	1	1	2	737216	1
74	1	3	156	737216	3
1	1	1	247	737216	2.5
212	0	0	53	737216	2.5
169	4	0	195	737216	2.5
13	2	1	221	737216	2.5
30	1	0	94	737216	3
43	2	0	170	737216	3
124	0	1	21	737216	3
133	1	0	215	737216	3
148	2	0	38	737216	3
65	2	1	40	737217	2.5
149	1	1	121	737217	2.5
131	1	1	132	737217	2.5
237	5	0	199	737217	2.5
87	3	0	90	737217	2.5
66	1	1	183	737217	2.5
80	1	4	214	737217	2.5
166	2	2	184	737217	2.5
218	3	0	139	737217	2.5
16	1	0	206	737217	2.5
163	0	1	179	737217	2.5
125	0	3	111	737217	2.5
127	2	2	254	737217	2.5
210	0	0	135	737217	2.5
11	5	1	159	737217	1
55	2	0	178	737217	1
81	1	1	222	737217	1
113	3	1	57	737217	1
119	1	0	134	737217	1
211	1	0	15	737217	1
231	2	0	109	737217	1
241	3	0	172	737217	1
242	4	0	162	737217	1
136	7	1	227	737217	3
77	1	2	164	737218	2.5
25	0	2	88	737218	2.5
61	2	1	246	737218	2.5
18	1	3	104	737218	2.5
105	1	0	3	737218	2.5
147	1	0	7	737218	2.5
232	2	0	83	737218	2.5
185	9	0	193	737218	2.5
197	2	1	64	737218	2.5
26	3	0	118	737218	2.5
82	2	0	34	737218	2.5
12	3	0	130	737218	2.5
91	0	3	112	737218	2.5
35	0	1	253	737218	2.5
8	2	0	98	737218	1
161	0	0	254	737218	1
203	4	3	207	737218	1
1	0	0	53	737218	2.5
195	3	2	221	737218	2.5
13	2	0	169	737218	2.5
36	7	0	102	737219	1
44	2	1	253	737219	1
70	0	0	41	737219	1
115	2	0	73	737219	2.5
146	3	2	71	737219	1
175	2	0	95	737219	1
177	0	3	56	737219	1
233	0	0	236	737219	1
239	0	3	244	737219	1
219	0	0	74	737219	3
180	1	0	156	737219	3
247	0	1	212	737219	2.5
65	3	0	149	737220	2.5
40	2	3	121	737220	2.5
199	4	1	131	737220	2.5
237	1	0	132	737220	2.5
183	2	0	90	737220	2.5
66	5	1	87	737220	2.5
80	0	2	166	737220	2.5
139	0	4	184	737220	2.5
214	3	0	218	737220	2.5
163	1	4	16	737220	2.5
179	4	0	111	737220	2.5
125	0	5	206	737220	2.5
243	0	0	81	737220	1
88	8	0	77	737221	2.5
25	0	1	164	737221	2.5
18	1	5	205	737221	2.5
104	1	0	246	737221	2.5
105	2	1	232	737221	2.5
3	2	0	147	737221	2.5
7	0	4	83	737221	2.5
118	4	0	193	737221	2.5
26	3	0	197	737221	2.5
185	1	0	64	737221	2.5
112	2	1	34	737221	2.5
130	0	2	82	737221	2.5
91	2	3	12	737221	2.5
5	1	1	42	737221	1
28	1	0	97	737221	1
55	1	0	224	737221	1
61	1	2	231	737221	1
103	0	2	223	737221	1
117	4	1	107	737221	1
211	1	1	108	737221	1
123	2	2	171	737221	1
203	1	2	153	737221	1
242	2	0	220	737221	1
21	0	0	124	737221	3
38	2	1	148	737221	3
94	5	0	30	737221	3
170	1	2	43	737221	3
215	3	0	133	737221	3
136	5	1	227	737221	3
151	0	1	86	737222	1
250	7	2	187	737222	1
72	1	0	225	737223	1
44	1	1	138	737224	1
134	1	3	144	737224	1
36	3	0	32	737224	2.5
244	0	0	177	737225	2.5
11	0	2	56	737225	2.5
45	4	0	141	737225	2.5
146	7	0	62	737225	2.5
89	0	0	210	737225	1
107	6	0	243	737225	1
113	0	1	236	737225	1
119	1	1	70	737225	1
225	1	1	254	737225	1
116	5	0	168	737226	2.5
250	2	1	248	737226	2.5
4	2	4	101	737226	2.5
187	1	6	201	737226	2.5
175	2	2	182	737226	2.5
241	4	0	71	737226	2.5
100	2	1	29	737226	2.5
60	4	0	159	737226	2.5
5	3	2	138	737226	1
72	3	1	97	737226	1
151	2	3	253	737226	1
198	1	0	161	737226	1
250	3	1	168	737227	2.5
116	7	0	248	737227	2.5
110	7	1	101	737227	2.5
96	2	1	201	737227	2.5
115	0	4	54	737227	2.5
63	0	1	73	737227	2.5
114	3	2	102	737227	2.5
231	2	1	42	737227	1
250	1	0	116	737228	2.5
248	1	2	168	737228	2.5
110	6	1	4	737228	2.5
96	9	0	187	737228	2.5
32	1	3	177	737228	2.5
36	0	0	244	737228	2.5
172	2	0	230	737228	2.5
239	4	0	99	737228	2.5
28	3	1	144	737228	1
56	1	0	182	737229	2.5
11	1	1	175	737229	2.5
62	0	3	141	737229	2.5
146	3	1	45	737229	2.5
113	4	1	253	737229	1
248	2	1	187	737230	2.5
168	1	2	4	737230	2.5
116	3	1	101	737230	2.5
250	2	1	201	737230	2.5
110	2	3	96	737230	2.5
241	2	2	115	737230	2.5
159	0	2	100	737230	2.5
60	2	1	29	737230	2.5
201	0	5	110	737231	2.5
250	2	1	96	737231	2.5
72	1	0	254	737231	3
71	1	2	54	737231	2.5
73	0	0	114	737231	2.5
102	0	1	63	737231	2.5
70	0	2	236	737232	3
161	1	0	42	737232	3
97	2	2	134	737232	3
32	1	3	244	737232	2.5
99	2	4	172	737232	2.5
239	6	0	230	737232	2.5
36	5	0	177	737232	2.5
198	2	0	225	737233	3
5	2	0	119	737233	3
151	1	0	154	737233	3
56	1	0	175	737233	2.5
182	0	2	11	737233	2.5
45	7	0	62	737233	2.5
141	2	3	146	737233	2.5
113	1	0	210	737234	3
231	1	1	8	737234	3
138	4	1	144	737234	3
54	0	1	241	737234	2.5
71	1	1	115	737234	2.5
29	2	0	159	737234	2.5
100	2	1	60	737234	2.5
44	2	0	98	737235	3
89	2	2	28	737235	3
114	1	1	63	737235	2.5
102	4	0	73	737235	2.5
236	1	1	254	737236	3
72	2	0	70	737236	3
161	1	0	97	737236	3
230	1	1	99	737236	2.5
239	1	0	172	737236	2.5
134	1	0	42	737237	3
198	0	1	5	737237	3
119	3	2	225	737237	3
36	0	0	175	737237	2.5
151	1	0	113	737238	3
210	1	0	154	737238	3
231	1	1	138	737238	3
56	0	0	54	737238	2.5
244	0	2	11	737238	2.5
144	0	0	8	737239	3
44	0	0	89	737239	3
28	0	0	98	737239	3
241	0	0	177	737239	2.5
100	3	2	45	737239	2.5
146	1	1	60	737239	2.5
72	2	0	236	737240	3
254	0	4	70	737240	3
42	0	2	97	737240	3
134	2	0	161	737240	3
114	1	0	172	737240	2.5
239	1	0	63	737240	2.5
119	0	3	198	737241	3
225	0	3	5	737241	3
154	1	4	113	737241	3
210	0	1	151	737241	3
8	0	1	138	737242	3
144	0	0	231	737242	3
28	0	0	44	737242	3
98	0	2	89	737242	3
36	2	0	11	737242	2.5
100	0	1	146	737242	2.5
54	0	3	177	737243	2.5
239	3	1	114	737243	2.5
151	1	1	28	737245	3
236	0	1	198	737245	3
72	0	1	210	737246	3
161	3	2	44	737246	3
11	2	1	54	737246	2.5
5	3	0	97	737247	3
134	2	2	70	737247	3
36	3	1	177	737247	2.5
239	0	1	146	737247	2.5
106	2	4	224	737247	2.5
89	1	1	231	737248	3
138	0	1	113	737248	3
192	0	6	174	737248	2.5
6	0	5	157	737248	2.5
235	0	13	207	737248	2.5
222	1	2	81	737248	2.5
220	5	2	162	737248	2.5
161	2	1	210	737250	3
198	1	0	28	737250	3
174	2	0	243	737250	2.5
235	0	7	222	737250	2.5
6	0	9	81	737250	2.5
207	0	2	157	737250	2.5
224	2	0	220	737250	2.5
113	1	1	5	737251	3
134	0	3	231	737251	3
192	2	0	229	737252	2.5
6	1	1	235	737252	2.5
207	0	3	222	737252	2.5
157	1	0	81	737252	2.5
106	2	5	162	737253	2.5
5	2	1	161	737254	3
198	1	0	231	737254	3
229	0	14	243	737255	2.5
81	10	1	235	737255	2.5
207	13	0	6	737255	2.5
222	0	3	157	737255	2.5
162	1	0	224	737255	2.5
106	1	1	220	737256	2.5
231	0	1	161	737257	3
174	8	0	229	737258	2.5
192	0	11	243	737258	2.5
157	11	0	235	737258	2.5
6	8	1	222	737258	2.5
81	4	4	207	737258	2.5
198	0	1	5	737259	3
224	0	1	162	737259	2.5
174	1	1	81	737260	2.5
75	1	1	128	737261	1
67	0	1	79	737266	2.5
35	0	0	253	737266	2.5
57	0	2	154	737266	2.5
42	2	0	213	737267	2.5
208	1	3	236	737267	2.5
46	0	0	144	737267	2.5
98	0	4	138	737267	2.5
51	3	3	75	737268	2.5
225	0	0	119	737268	2.5
127	3	2	210	737268	2.5
134	1	0	152	737268	2.5
78	1	1	8	737268	2.5
128	1	0	198	737268	2.5
28	0	0	228	737268	2.5
145	0	4	254	737269	2.5
236	4	1	208	737274	2.5
8	1	1	78	737274	2.5
253	3	2	35	737274	2.5
144	2	1	46	737274	2.5
198	3	0	128	737274	2.5
75	2	1	51	737275	2.5
79	4	3	67	737275	2.5
119	0	0	225	737275	2.5
213	1	2	42	737275	2.5
152	3	2	134	737275	2.5
154	0	0	57	737275	2.5
210	0	3	127	737275	2.5
254	3	1	145	737275	2.5
138	3	0	98	737275	2.5
228	1	0	28	737275	2.5
191	1	0	230	737282	1
69	0	0	95	737285	1
188	4	3	10	737298	1
27	1	1	191	737299	1
223	3	0	94	737299	1
238	4	0	69	737300	1
27	1	0	191	737301	1
55	4	1	153	737301	1
136	0	1	117	737301	1
238	5	1	215	737302	1
129	0	1	41	737306	1
42	1	1	225	737306	3
67	2	1	78	737306	3
76	1	2	154	737306	3
79	0	0	127	737306	3
128	3	1	202	737306	3
145	0	1	152	737306	3
194	0	1	98	737306	3
213	1	1	75	737306	3
11	0	0	54	737307	1
102	4	0	181	737307	1
211	2	2	87	737307	1
149	2	1	104	737307	1
164	1	0	132	737307	1
177	0	1	71	737307	1
196	1	1	138	737307	1
183	1	1	219	737307	2.5
90	0	6	66	737307	2.5
80	0	4	218	737307	2.5
166	2	0	139	737307	2.5
184	1	2	214	737307	2.5
111	1	1	163	737307	2.5
12	1	3	112	737307	2.5
34	5	0	130	737307	2.5
82	1	0	91	737307	2.5
115	2	0	175	737307	2.5
29	1	4	172	737307	3
92	2	1	188	737307	3
84	3	0	27	737307	3
68	1	2	217	737307	3
240	0	2	49	737307	3
23	4	0	190	737307	3
95	10	0	9	737307	3
94	0	1	137	737307	3
178	2	5	220	737307	3
223	1	2	117	737307	3
122	7	0	155	737307	3
43	1	1	103	737307	3
20	1	1	109	737307	3
171	2	0	242	737307	3
203	2	2	249	737307	3
106	1	2	167	737307	3
182	6	0	2	737307	3
148	1	0	153	737307	3
224	1	0	123	737307	3
226	0	0	245	737307	3
107	2	3	136	737307	3
162	2	0	126	737307	3
215	0	2	233	737307	3
51	1	3	216	737307	3
200	0	3	186	737307	3
208	1	0	254	737307	3
36	2	2	56	737308	1
60	1	2	241	737308	1
113	1	2	28	737308	1
151	1	1	41	737308	1
231	1	0	144	737308	1
239	0	3	146	737308	1
77	1	2	25	737308	2.5
88	2	4	156	737308	2.5
246	2	1	18	737308	2.5
205	0	4	61	737308	2.5
16	6	0	125	737308	2.5
206	2	0	179	737308	2.5
64	1	1	118	737308	2.5
197	1	2	185	737308	2.5
193	0	4	26	737308	2.5
141	1	1	230	737308	3
14	0	1	99	737308	3
114	6	0	10	737308	3
159	1	1	191	737308	3
33	4	2	37	737308	3
57	1	1	228	737308	3
86	0	1	8	737308	3
129	2	0	160	737309	1
121	2	1	65	737309	2.5
74	4	0	40	737309	2.5
131	0	3	237	737309	2.5
199	2	4	180	737309	2.5
105	3	0	147	737309	2.5
83	4	1	3	737309	2.5
232	1	0	7	737309	2.5
45	6	0	62	737309	3
63	1	0	100	737309	3
150	2	1	69	737309	3
73	3	0	189	737309	3
93	5	1	204	737309	3
35	0	0	135	737309	3
119	1	1	236	737310	1
219	4	0	90	737310	2.5
87	0	0	66	737310	2.5
184	1	0	139	737310	2.5
214	4	0	80	737310	2.5
218	1	1	166	737310	2.5
12	4	2	34	737310	2.5
82	1	2	112	737310	2.5
91	1	1	130	737310	2.5
172	0	2	29	737310	3
27	1	2	92	737310	3
188	2	2	84	737310	3
191	1	0	68	737310	3
217	6	0	159	737310	3
190	1	2	240	737310	3
49	3	2	23	737310	3
75	1	0	213	737310	3
127	1	1	79	737310	3
202	1	0	128	737310	3
225	1	1	42	737310	3
5	1	0	28	737311	1
109	0	0	242	737311	1
246	1	0	25	737311	1
164	0	2	88	737311	2.5
77	0	4	156	737311	2.5
18	1	1	61	737311	2.5
104	1	2	205	737311	2.5
179	0	0	16	737311	2.5
206	3	2	111	737311	2.5
125	0	2	163	737311	2.5
197	0	4	26	737311	2.5
185	1	0	118	737311	2.5
193	0	4	64	737311	2.5
230	2	2	141	737311	3
10	2	1	14	737311	3
99	0	4	114	737311	3
19	2	1	33	737311	3
11	4	0	146	737312	1
36	0	1	177	737312	1
56	0	0	244	737312	1
71	3	0	32	737312	1
102	2	1	54	737312	1
113	2	1	231	737312	1
117	2	4	175	737312	1
151	1	0	160	737312	1
167	1	0	126	737312	1
183	3	1	40	737312	1
237	2	2	161	737312	1
239	1	1	241	737312	1
74	5	3	121	737312	2.5
149	0	3	65	737312	2.5
132	1	3	199	737312	2.5
131	1	5	180	737312	2.5
3	4	2	105	737312	2.5
83	3	0	7	737312	2.5
147	0	4	232	737312	2.5
62	0	1	45	737312	3
100	1	1	63	737312	3
150	1	1	189	737312	3
69	1	0	73	737312	3
181	0	5	95	737312	3
234	0	3	93	737312	3
94	1	4	178	737312	3
137	0	5	55	737312	3
122	0	3	15	737312	3
223	0	2	155	737312	3
43	0	1	20	737312	3
103	0	2	108	737312	3
249	2	2	196	737312	3
203	2	1	171	737312	3
2	1	0	21	737312	3
182	0	0	106	737312	3
148	0	1	224	737312	3
153	0	2	115	737312	3
107	0	3	226	737312	3
136	1	2	238	737312	3
233	0	2	211	737312	3
215	0	1	162	737312	3
8	2	1	86	737312	3
98	2	1	194	737312	3
135	1	0	35	737312	3
152	2	0	145	737312	3
154	2	0	76	737312	3
186	7	0	200	737312	3
216	0	0	51	737312	3
78	0	0	67	737312	3
228	2	0	57	737312	3
254	3	1	208	737312	3
70	2	3	186	737320	1
42	0	3	236	737323	2.5
5	0	0	151	737323	2.5
231	1	0	129	737323	2.5
144	0	0	138	737323	2.5
198	1	0	97	737323	2.5
50	0	2	70	737324	2.5
75	2	2	58	737324	2.5
79	0	1	186	737324	2.5
225	0	1	216	737324	2.5
134	1	0	154	737324	2.5
78	0	1	253	737324	2.5
254	3	1	127	737324	2.5
89	0	1	41	737324	2.5
160	2	0	113	737324	2.5
228	4	1	161	737324	2.5
21	4	1	30	737331	1
35	0	0	128	737332	1
146	2	0	230	737334	1
21	2	0	30	737335	1
117	0	0	203	737337	1
136	6	0	215	737337	1
67	1	1	86	737341	2.5
128	1	0	51	737341	2.5
145	1	3	194	737341	2.5
213	2	1	200	737341	2.5
20	2	3	18	737341	1
88	2	2	11	737341	1
25	0	0	77	737342	2.5
156	3	1	164	737342	2.5
61	3	0	104	737342	2.5
205	1	1	246	737342	2.5
16	3	1	111	737342	2.5
163	2	1	206	737342	2.5
125	0	3	179	737342	2.5
118	1	2	64	737342	2.5
26	9	0	193	737342	2.5
185	4	0	197	737342	2.5
5	1	1	70	737342	1
36	1	1	198	737342	1
46	2	1	228	737342	1
85	1	0	41	737342	1
121	1	0	90	737342	1
160	1	1	253	737342	1
199	1	0	175	737342	1
226	1	1	58	737342	1
244	4	1	32	737342	1
230	0	2	102	737342	3
100	1	1	60	737342	3
27	0	4	188	737342	3
84	0	0	92	737342	3
37	0	4	19	737342	3
204	2	5	234	737342	3
220	2	1	137	737342	3
55	7	0	94	737342	3
117	0	0	122	737342	3
15	5	0	155	737342	3
108	14	0	43	737342	3
109	2	0	103	737342	3
242	5	0	249	737342	3
196	3	0	203	737342	3
21	0	2	182	737342	3
167	3	0	2	737342	3
115	6	0	148	737342	3
123	7	0	153	737342	3
238	5	0	107	737342	3
245	1	0	136	737342	3
126	2	1	233	737342	3
211	8	0	215	737342	3
65	2	1	74	737343	2.5
149	0	0	40	737343	2.5
180	3	0	132	737343	2.5
237	2	0	131	737343	2.5
105	0	1	83	737343	2.5
7	1	0	147	737343	2.5
232	1	0	3	737343	2.5
151	1	1	129	737343	1
241	1	0	177	737343	1
239	7	0	62	737343	3
29	1	5	146	737343	3
10	2	1	99	737343	3
191	2	2	217	737343	3
159	3	1	68	737343	3
87	0	0	183	737344	2.5
66	1	0	219	737344	2.5
80	0	3	184	737344	2.5
139	0	4	218	737344	2.5
166	1	1	214	737344	2.5
34	4	1	82	737344	2.5
112	2	0	91	737344	2.5
130	1	1	12	737344	2.5
56	0	0	54	737344	1
97	0	1	57	737344	1
113	3	1	70	737344	1
231	0	0	44	737344	1
69	3	0	189	737344	3
150	0	2	73	737344	3
114	2	0	14	737344	3
23	1	0	240	737344	3
190	3	0	49	737344	3
9	0	5	95	737344	3
25	1	2	156	737345	2.5
77	0	3	88	737345	2.5
104	1	0	18	737345	2.5
246	1	1	61	737345	2.5
179	2	0	163	737345	2.5
206	0	1	16	737345	2.5
197	6	0	193	737345	2.5
64	0	5	185	737345	2.5
118	0	2	26	737345	2.5
86	1	1	67	737345	2.5
51	1	0	128	737345	2.5
194	2	1	145	737345	2.5
200	0	1	213	737345	2.5
28	2	2	253	737345	1
36	1	1	161	737345	1
71	1	6	11	737345	1
75	1	1	228	737345	1
79	0	1	236	737345	1
119	0	1	152	737345	1
127	1	1	135	737345	1
160	0	2	50	737345	1
205	1	1	175	737345	1
210	2	1	138	737345	1
102	1	0	141	737345	3
60	0	0	63	737345	3
188	0	1	27	737345	3
92	1	0	84	737345	3
37	3	4	33	737345	3
121	2	0	149	737346	2.5
40	0	6	74	737346	2.5
131	1	2	199	737346	2.5
237	2	1	180	737346	2.5
105	2	0	7	737346	2.5
83	1	1	232	737346	2.5
147	0	4	3	737346	2.5
65	2	3	164	737346	1
72	1	0	35	737346	1
186	0	0	225	737346	1
244	2	0	230	737346	1
99	5	1	10	737346	3
68	0	4	159	737346	3
217	0	1	191	737346	3
204	1	2	93	737346	3
90	2	3	87	737347	2.5
219	2	0	183	737347	2.5
80	1	0	139	737347	2.5
218	1	1	214	737347	2.5
184	1	1	166	737347	2.5
111	3	1	125	737347	2.5
82	3	0	12	737347	2.5
130	0	5	112	737347	2.5
91	2	1	34	737347	2.5
5	3	0	56	737347	1
29	0	0	95	737347	1
32	3	1	100	737347	1
54	3	2	97	737347	1
66	4	0	132	737347	1
122	1	1	233	737347	1
144	0	0	129	737347	1
151	2	3	85	737347	1
177	1	1	241	737347	1
45	2	0	239	737347	3
146	3	1	172	737347	3
69	0	0	150	737347	3
189	0	2	73	737347	3
14	0	6	114	737347	3
49	1	0	190	737347	3
240	0	4	23	737347	3
9	2	3	181	737347	3
220	4	0	94	737347	3
178	0	0	55	737347	3
117	3	0	155	737347	3
223	1	7	15	737347	3
43	0	4	109	737347	3
20	1	0	108	737347	3
171	0	0	196	737347	3
203	1	3	242	737347	3
106	1	1	21	737347	3
182	2	1	167	737347	3
148	1	2	123	737347	3
224	0	3	115	737347	3
226	2	1	238	737347	3
107	1	3	245	737347	3
162	0	0	211	737347	3
215	0	3	126	737347	3
216	1	2	225	737350	2.5
186	1	1	79	737351	2.5
236	3	0	42	737351	2.5
151	3	0	5	737351	2.5
154	2	0	134	737351	2.5
253	2	2	78	737351	2.5
161	2	0	228	737351	2.5
58	1	0	75	737352	2.5
70	4	1	50	737352	2.5
129	1	2	231	737352	2.5
127	0	0	254	737352	2.5
97	1	0	198	737352	2.5
138	2	0	144	737352	2.5
41	0	0	89	737352	2.5
113	1	0	160	737352	2.5
72	1	0	128	737370	1
159	0	0	62	737370	1
136	1	0	224	737372	1
154	0	2	253	737372	1
242	3	1	123	737372	1
159	0	1	62	737373	1
230	15	0	9	737373	1
154	2	1	51	737376	2.5
135	1	0	213	737376	2.5
41	0	0	236	737376	2.5
216	4	0	194	737376	2.5
8	1	3	86	737376	2.5
50	2	0	42	737376	2.5
44	0	0	46	737376	2.5
98	3	0	78	737376	2.5
198	2	0	58	737376	2.5
161	2	1	28	737376	2.5
202	1	1	127	737376	2.5
138	2	2	97	737377	2.5
89	2	0	210	737377	2.5
70	0	0	85	737377	2.5
152	2	0	186	737377	2.5
72	1	1	119	737377	2.5
228	0	1	57	737377	2.5
5	5	0	253	737377	2.5
74	7	0	149	737377	2.5
65	2	1	121	737377	2.5
180	6	0	131	737377	2.5
199	3	2	132	737377	2.5
232	0	0	105	737377	2.5
3	2	2	7	737377	2.5
83	2	1	147	737377	2.5
141	1	1	102	737377	3
63	1	2	60	737377	3
188	0	0	92	737377	3
27	2	0	84	737377	3
19	3	0	37	737377	3
234	3	2	204	737377	3
40	0	1	175	737377	1
43	1	1	148	737377	1
71	3	0	230	737377	1
182	2	0	203	737377	1
183	3	1	158	737377	1
237	1	0	77	737377	1
137	1	2	178	737377	3
220	2	1	55	737377	3
117	0	1	15	737377	3
122	9	0	223	737377	3
109	2	1	108	737377	3
103	0	0	20	737377	3
242	2	3	196	737377	3
249	1	0	171	737377	3
2	1	1	106	737377	3
167	4	1	21	737377	3
153	4	3	224	737377	3
123	0	2	115	737377	3
245	1	0	238	737377	3
136	2	1	226	737377	3
126	0	0	211	737377	3
233	3	1	162	737377	3
151	0	0	144	737378	2.5
254	0	0	35	737378	2.5
225	2	1	75	737378	2.5
231	4	1	129	737378	2.5
66	6	0	90	737378	2.5
219	1	0	87	737378	2.5
166	4	0	80	737378	2.5
214	7	0	139	737378	2.5
184	0	2	218	737378	2.5
82	3	0	130	737378	2.5
36	0	1	11	737378	2.5
34	0	3	112	737378	2.5
12	0	1	91	737378	2.5
239	4	1	45	737378	3
172	0	3	146	737378	3
10	0	2	114	737378	3
99	4	2	14	737378	3
191	1	0	159	737378	3
217	4	0	68	737378	3
56	1	0	177	737378	1
104	1	2	241	737378	1
113	1	0	160	737379	2.5
134	1	0	79	737379	2.5
164	0	0	156	737379	2.5
88	4	0	25	737379	2.5
61	3	1	205	737379	2.5
18	0	2	246	737379	2.5
206	1	0	125	737379	2.5
16	2	1	163	737379	2.5
111	1	2	179	737379	2.5
64	1	2	197	737379	2.5
193	1	3	118	737379	2.5
185	1	4	26	737379	2.5
189	1	0	69	737379	3
73	1	0	150	737379	3
190	1	0	23	737379	3
49	1	0	240	737379	3
95	5	0	181	737379	3
51	0	2	138	737380	2.5
97	2	0	154	737380	2.5
213	1	2	41	737380	2.5
236	2	0	135	737380	2.5
210	1	0	216	737380	2.5
85	2	1	8	737380	2.5
186	0	1	44	737380	2.5
58	3	0	98	737380	2.5
78	1	4	198	737380	2.5
28	1	0	202	737380	2.5
127	2	4	161	737380	2.5
121	0	4	74	737380	2.5
40	1	0	65	737380	2.5
132	0	2	180	737380	2.5
199	2	2	237	737380	2.5
3	0	2	83	737380	2.5
7	0	2	232	737380	2.5
147	1	2	105	737380	2.5
102	4	0	230	737380	3
60	1	1	100	737380	3
92	3	2	27	737380	3
84	3	1	188	737380	3
33	1	1	19	737380	3
93	10	0	234	737380	3
131	1	0	158	737380	1
194	0	1	89	737381	2.5
86	2	2	70	737381	2.5
46	2	2	152	737381	2.5
57	0	0	72	737381	2.5
119	1	1	228	737381	2.5
35	0	1	5	737381	2.5
160	2	6	134	737381	2.5
183	1	1	66	737381	2.5
90	1	6	219	737381	2.5
139	1	2	166	737381	2.5
214	5	0	184	737381	2.5
218	3	0	80	737381	2.5
112	9	1	12	737381	2.5
130	0	3	34	737381	2.5
91	2	1	82	737381	2.5
114	1	1	99	737381	3
14	2	3	10	737381	3
159	1	2	217	737381	3
68	1	0	191	737381	3
11	2	2	241	737381	1
42	0	3	151	737382	2.5
144	2	0	50	737382	2.5
253	1	2	254	737382	2.5
75	0	1	231	737382	2.5
129	2	1	225	737382	2.5
79	2	1	113	737382	2.5
88	6	1	164	737382	2.5
156	5	0	77	737382	2.5
246	2	0	104	737382	2.5
205	2	0	18	737382	2.5
163	1	0	111	737382	2.5
115	1	4	244	737382	2.5
179	3	2	206	737382	2.5
125	1	0	16	737382	2.5
197	3	1	118	737382	2.5
26	6	1	64	737382	2.5
193	0	5	185	737382	2.5
62	0	4	239	737382	3
146	2	1	29	737382	3
73	2	0	69	737382	3
189	0	1	150	737382	3
23	3	0	49	737382	3
240	1	2	190	737382	3
181	3	0	9	737382	3
36	3	0	211	737382	1
61	2	1	87	737382	1
71	0	1	56	737382	1
149	2	0	25	737382	1
196	0	0	175	737382	1
137	3	1	94	737382	3
220	1	0	178	737382	3
155	0	1	122	737382	3
117	5	0	223	737382	3
109	0	0	20	737382	3
103	2	0	43	737382	3
242	2	0	171	737382	3
249	1	2	203	737382	3
2	0	1	182	737382	3
167	1	0	106	737382	3
153	1	0	148	737382	3
123	1	1	224	737382	3
245	0	0	226	737382	3
136	2	0	107	737382	3
233	2	0	215	737382	3
126	0	0	162	737382	3
95	8	0	10	737384	1
182	1	2	109	737389	2.5
238	3	0	249	737389	2.5
167	0	0	20	737390	2.5
196	1	3	122	737390	2.5
238	0	2	109	737392	2.5
182	6	0	249	737392	2.5
122	1	2	167	737393	2.5
20	0	2	196	737393	2.5
182	4	2	238	737395	2.5
249	0	0	109	737395	2.5
122	2	4	20	737395	2.5
167	1	3	196	737395	2.5
109	2	2	20	737398	2.5
182	0	1	196	737398	2.5
20	1	0	196	737401	2.5
55	1	2	115	737403	2.5
211	2	0	103	737404	2.5
115	5	0	103	737407	2.5
211	1	0	55	737408	2.5
103	0	2	55	737411	2.5
211	1	0	115	737411	2.5
23	1	4	45	737431	1
147	0	1	218	737433	1
23	1	4	45	737434	1
121	0	1	218	737436	1
45	0	1	105	737439	1
73	0	1	105	737443	1
239	1	0	60	737456	1
88	1	1	214	737671	3
237	2	1	219	737671	3
185	3	1	199	737671	3
232	0	1	104	737671	3
40	1	1	183	737671	3
82	0	1	246	737671	3
147	1	1	121	737671	3
206	0	0	91	737671	3
125	0	0	7	737671	3
80	3	2	139	737671	3
112	1	1	34	737672	3
156	1	0	179	737672	3
166	1	2	16	737672	3
184	1	1	164	737672	3
197	1	1	111	737672	3
205	1	3	65	737672	3
131	0	2	118	737672	3
25	0	2	3	737672	3
105	0	1	74	737673	3
66	0	2	26	737673	3
180	4	1	61	737673	3
218	0	1	83	737673	3
64	0	2	149	737673	3
18	1	2	132	737673	3
163	2	1	12	737673	3
77	0	1	87	737673	3
90	1	0	193	737673	3
214	4	0	237	737674	3
219	1	1	88	737674	3
104	2	3	185	737674	3
199	0	0	232	737674	3
246	1	0	40	737674	3
183	0	1	82	737674	3
206	1	0	147	737674	3
121	1	2	91	737674	3
7	0	1	80	737674	3
139	1	1	125	737674	3
34	1	2	179	737675	3
156	0	1	112	737675	3
164	1	5	166	737675	3
16	2	3	184	737675	3
65	1	2	197	737675	3
111	1	1	205	737675	3
118	1	2	25	737675	3
3	0	1	131	737675	3
26	5	1	105	737676	3
66	0	0	74	737676	3
83	4	2	61	737676	3
218	0	2	180	737676	3
132	0	1	149	737676	3
64	0	1	18	737676	3
12	2	0	77	737676	3
87	1	1	163	737676	3
193	0	2	130	737676	3
159	0	0	95	737704	1
7	1	2	46	737705	1
16	2	1	91	737705	1
64	1	2	65	737705	1
66	4	0	80	737705	1
77	1	3	131	737705	1
83	7	1	237	737705	1
88	3	3	232	737705	1
112	6	0	147	737705	1
132	1	2	130	737705	1
139	2	0	90	737705	1
149	1	1	125	737705	1
156	0	1	146	737705	1
179	5	1	82	737705	1
180	0	0	214	737705	1
206	4	0	193	737705	1
219	1	2	61	737705	1
253	1	0	135	737705	1
26	1	1	113	737706	1
74	3	0	246	737706	1
185	1	2	218	737706	1
210	1	1	154	737706	1
242	1	2	108	737706	1
175	2	2	177	737706	3
241	2	1	54	737706	3
11	1	0	71	737706	3
105	2	1	184	737706	2.5
40	1	3	104	737706	2.5
34	1	1	164	737706	2.5
205	0	0	183	737706	2.5
197	0	0	111	737706	2.5
166	1	2	199	737706	2.5
87	1	0	25	737706	2.5
163	2	1	121	737706	2.5
41	3	0	70	737707	1
58	0	1	86	737707	1
115	0	0	44	737707	1
119	2	1	253	737707	1
138	3	0	89	737707	1
144	2	1	202	737707	1
151	3	1	198	737707	1
161	0	1	5	737707	1
231	3	0	216	737707	1
56	3	0	244	737707	3
36	5	0	32	737707	3
214	1	0	219	737708	3
237	1	2	88	737708	3
132	2	0	64	737708	3
149	2	0	18	737708	3
80	1	1	125	737708	3
7	0	0	139	737708	3
130	0	1	90	737708	3
46	1	2	97	737708	1
60	0	1	172	737708	1
102	1	1	159	737708	1
160	2	0	51	737708	1
34	0	0	156	737709	3
179	0	0	112	737709	3
74	2	1	26	737709	3
105	0	3	66	737709	3
61	2	1	218	737709	3
83	0	0	180	737709	3
166	4	0	184	737709	3
164	0	1	16	737709	3
197	1	0	205	737709	3
111	1	2	65	737709	3
199	0	1	104	737709	3
185	1	1	232	737709	3
183	0	0	246	737709	3
82	2	0	40	737709	3
12	2	2	87	737709	3
77	3	3	163	737709	3
121	0	1	206	737709	3
91	2	0	147	737709	3
118	0	0	3	737709	3
131	2	2	25	737709	3
85	0	2	28	737709	1
135	0	0	254	737709	1
210	1	2	253	737709	1
225	0	1	42	737709	1
41	2	1	134	737710	1
89	5	1	182	737710	1
228	1	1	216	737710	1
238	1	2	242	737710	1
44	0	0	213	737711	1
88	3	3	219	737711	3
237	1	0	214	737711	3
18	0	0	64	737711	3
149	1	2	132	737711	3
125	0	1	139	737711	3
80	2	0	7	737711	3
130	0	0	193	737711	3
60	0	1	172	737711	1
115	1	0	113	737711	1
146	2	2	5	737711	1
151	1	1	70	737711	1
152	0	3	8	737711	1
160	1	0	202	737711	1
161	1	1	231	737711	1
32	1	2	11	737711	3
71	4	2	241	737711	3
244	0	1	175	737711	3
177	2	4	36	737711	3
54	2	2	56	737711	3
112	1	1	156	737712	3
179	3	0	34	737712	3
105	1	2	26	737712	3
74	0	1	66	737712	3
180	3	0	218	737712	3
61	1	2	83	737712	3
166	1	0	164	737712	3
184	0	1	16	737712	3
197	1	0	65	737712	3
205	2	3	111	737712	3
185	0	0	104	737712	3
232	2	2	199	737712	3
82	1	0	183	737712	3
40	0	1	246	737712	3
163	1	1	87	737712	3
77	1	1	12	737712	3
91	0	0	121	737712	3
147	0	4	206	737712	3
131	0	0	3	737712	3
25	2	0	118	737712	3
79	2	2	216	737735	1
20	1	0	224	737736	1
3	2	1	121	737740	1
26	2	1	219	737740	1
40	3	0	90	737740	1
66	2	0	218	737740	1
83	0	2	82	737740	1
88	1	0	65	737740	1
91	2	1	64	737740	1
112	4	0	77	737740	1
131	2	1	80	737740	1
132	0	3	16	737740	1
139	3	0	130	737740	1
149	0	0	118	737740	1
156	1	1	214	737740	1
179	2	0	237	737740	1
180	7	0	7	737740	1
184	5	3	25	737740	1
193	0	3	125	737740	1
206	0	0	18	737740	1
232	3	3	61	737740	1
104	2	1	105	737741	2.5
164	1	2	205	737741	2.5
199	1	1	197	737741	2.5
87	0	1	163	737741	2.5
34	0	2	108	737741	1
74	3	0	183	737741	1
117	0	0	109	737741	1
126	1	3	20	737741	1
147	0	0	185	737741	1
238	3	2	224	737741	1
242	0	1	220	737741	1
246	0	0	239	737741	1
32	2	3	71	737741	3
11	1	1	175	737741	3
21	2	0	155	737742	1
60	1	1	182	737742	1
115	1	0	172	737742	1
56	0	3	241	737742	3
54	2	0	177	737742	3
36	1	0	244	737742	3
180	0	1	83	737743	3
218	2	1	61	737743	3
88	3	1	237	737743	3
219	1	1	214	737743	3
18	0	0	149	737743	3
64	2	1	132	737743	3
139	3	1	7	737743	3
125	1	1	80	737743	3
193	0	0	90	737743	3
146	3	2	211	737743	1
196	3	0	114	737743	1
156	3	1	34	737744	3
112	2	0	179	737744	3
26	2	0	74	737744	3
66	2	1	105	737744	3
16	2	1	164	737744	3
184	3	0	166	737744	3
205	1	0	197	737744	3
65	1	0	111	737744	3
232	3	2	185	737744	3
104	1	1	199	737744	3
246	1	0	183	737744	3
40	1	2	82	737744	3
163	2	1	77	737744	3
87	1	2	12	737744	3
206	2	1	121	737744	3
147	0	2	91	737744	3
3	3	1	118	737744	3
25	2	0	131	737744	3
95	2	1	102	737744	1
117	1	0	220	737745	1
238	1	0	20	737745	1
239	6	2	172	737745	1
24	2	1	60	737745	1
61	2	3	180	737746	3
83	4	2	218	737746	3
214	6	0	88	737746	3
219	3	0	237	737746	3
132	0	0	18	737746	3
149	4	0	64	737746	3
7	0	5	125	737746	3
139	1	1	80	737746	3
90	1	1	130	737746	3
21	0	0	155	737746	1
115	0	2	146	737746	1
211	2	1	182	737746	1
196	1	2	114	737746	1
242	1	2	109	737746	1
71	6	1	56	737746	3
244	2	1	54	737746	3
177	0	2	11	737746	3
175	2	2	32	737746	3
241	0	2	36	737746	3
34	0	2	112	737747	3
179	1	2	156	737747	3
74	4	0	105	737747	3
26	4	2	66	737747	3
164	1	1	184	737747	3
16	1	1	166	737747	3
65	2	0	205	737747	3
111	1	0	197	737747	3
104	2	0	232	737747	3
199	5	0	185	737747	3
183	0	0	40	737747	3
246	3	1	82	737747	3
12	1	0	163	737747	3
87	0	0	77	737747	3
121	1	0	147	737747	3
91	0	0	206	737747	3
3	3	2	25	737747	3
118	1	2	131	737747	3
182	5	0	21	737763	3
239	6	0	73	737768	1
238	0	0	109	737802	1
122	0	1	171	737808	1
69	0	1	181	737809	1
95	1	0	181	737812	1
69	0	0	199	737815	1
109	2	1	122	737817	1
172	0	0	199	737818	1
239	7	0	230	737821	1
117	2	0	224	737822	1
117	0	1	224	737826	1
117	0	2	242	737836	1
95	1	0	159	737845	1
119	1	0	213	737862	1
119	2	1	225	737864	1
79	4	0	135	737866	1
167	0	0	117	737869	1
25	1	1	102	737873	1
117	1	0	126	737873	1
121	4	0	131	737873	1
182	1	0	132	737873	1
10	2	2	150	737873	3
217	3	0	49	737873	3
95	1	0	62	737873	3
69	1	0	68	737873	3
188	1	0	181	737873	3
180	1	0	18	737873	3
199	3	2	183	737873	3
83	1	1	237	737873	3
82	2	2	34	737873	3
26	3	1	246	737873	3
77	2	6	65	737873	3
232	4	2	156	737873	3
90	0	3	166	737873	3
125	1	2	149	737873	3
139	1	3	185	737873	3
206	1	0	61	737873	3
64	0	0	205	737873	3
51	0	3	154	737873	2.5
97	1	0	138	737873	2.5
213	0	1	135	737873	2.5
236	0	0	41	737873	2.5
194	0	2	216	737873	2.5
186	1	0	152	737873	2.5
79	4	0	134	737873	2.5
20	3	1	220	737874	1
106	1	1	167	737874	1
115	3	0	211	737874	1
196	1	0	122	737874	1
239	4	1	114	737874	1
73	2	0	92	737874	3
45	5	1	29	737874	3
63	5	0	191	737874	3
172	1	0	23	737874	3
100	2	0	27	737874	3
230	3	0	99	737874	3
214	1	1	91	737874	3
218	1	0	87	737874	3
40	1	3	219	737874	3
112	2	0	164	737874	3
111	0	2	66	737874	3
197	2	2	16	737874	3
147	1	1	80	737874	3
74	5	0	193	737874	3
7	0	1	3	737874	3
104	3	3	179	737874	3
88	3	0	105	737874	3
130	0	1	12	737874	3
184	3	2	163	737874	3
210	1	1	89	737874	2.5
86	1	0	8	737874	2.5
85	3	0	70	737874	2.5
57	0	0	228	737874	2.5
119	1	1	72	737874	2.5
35	0	1	254	737874	2.5
253	3	3	5	737874	2.5
75	1	0	225	737874	2.5
129	2	5	231	737874	2.5
224	3	0	148	737874	3
54	2	1	32	737875	1
42	2	2	50	737875	2.5
144	0	0	151	737875	2.5
46	3	1	44	737875	2.5
78	1	3	98	737875	2.5
58	0	0	198	737875	2.5
160	0	3	113	737875	2.5
34	0	0	60	737876	1
155	0	0	21	737876	1
182	2	1	18	737876	1
246	1	0	146	737876	1
240	0	3	10	737876	3
14	0	6	217	737876	3
37	0	3	95	737876	3
9	0	6	69	737876	3
234	0	7	159	737876	3
19	0	4	188	737876	3
183	0	1	132	737876	3
199	2	2	180	737876	3
25	4	2	77	737876	3
65	1	1	26	737876	3
149	4	1	90	737876	3
156	2	0	125	737876	3
166	0	3	232	737876	3
185	2	1	206	737876	3
61	1	0	64	737876	3
205	2	2	139	737876	3
127	0	0	202	737876	2.5
28	0	1	161	737876	2.5
91	2	1	102	737877	1
164	1	2	239	737877	1
150	1	1	73	737877	3
62	1	2	63	737877	3
68	1	2	172	737877	3
181	1	1	230	737877	3
87	1	2	214	737877	3
121	0	3	218	737877	3
219	1	0	131	737877	3
40	0	2	112	737877	3
118	0	2	83	737877	3
237	1	1	82	737877	3
66	8	0	147	737877	3
16	3	1	80	737877	3
111	1	1	197	737877	3
3	0	2	74	737877	3
179	3	0	7	737877	3
193	0	3	104	737877	3
12	2	0	105	737877	3
163	5	0	130	737877	3
184	0	1	88	737877	3
154	2	1	97	737877	2.5
138	3	0	51	737877	2.5
89	3	1	194	737877	2.5
216	2	0	210	737877	2.5
231	2	1	75	737877	2.5
225	1	0	129	737877	2.5
71	2	1	32	737878	1
122	1	1	126	737878	1
155	2	1	21	737878	1
242	0	1	109	737878	1
49	0	11	45	737878	3
41	1	0	213	737878	2.5
135	1	0	236	737878	2.5
8	2	0	85	737878	2.5
70	1	0	86	737878	2.5
228	1	2	119	737878	2.5
72	4	0	57	737878	2.5
5	5	0	35	737878	2.5
254	0	2	253	737878	2.5
238	6	0	106	737878	1
20	1	2	117	737879	1
60	0	1	146	737879	1
108	3	0	220	737879	1
183	1	1	182	737879	1
92	1	0	240	737879	3
29	5	0	14	737879	3
191	3	0	37	737879	3
23	1	0	9	737879	3
27	5	0	234	737879	3
99	4	0	19	737879	3
18	1	2	199	737879	3
132	1	3	180	737879	3
246	1	0	65	737879	3
26	8	0	25	737879	3
90	0	7	156	737879	3
149	0	1	166	737879	3
232	3	3	125	737879	3
64	1	0	206	737879	3
61	3	0	139	737879	3
205	2	1	185	737879	3
196	5	0	171	737879	3
115	14	0	148	737879	3
50	0	1	144	737879	2.5
151	1	0	42	737879	2.5
44	0	0	186	737879	2.5
152	0	1	46	737879	2.5
98	3	0	58	737879	2.5
198	1	1	78	737879	2.5
113	3	1	79	737879	2.5
134	0	0	160	737879	2.5
161	3	0	127	737879	2.5
218	1	0	77	737880	1
219	3	2	82	737880	1
214	3	1	121	737880	3
91	1	1	87	737880	3
164	0	0	40	737880	3
131	0	2	112	737880	3
34	0	1	83	737880	3
237	1	1	118	737880	3
197	4	0	80	737880	3
16	0	4	66	737880	3
147	1	4	111	737880	3
74	2	1	179	737880	3
7	1	4	104	737880	3
193	0	2	3	737880	3
12	3	2	184	737880	3
88	1	2	163	737880	3
130	1	4	105	737880	3
237	1	1	20	737933	1
109	0	0	224	737934	1
238	5	1	117	737934	1
107	2	3	2	737935	1
167	1	0	226	737935	1
232	2	1	18	737937	1
20	2	0	136	737938	1
112	7	0	193	737938	1
107	1	3	167	737939	1
109	6	2	155	737939	1
146	2	1	105	737939	1
203	1	1	2	737939	1
218	2	0	82	737939	1
226	2	2	224	737939	1
139	0	3	164	737940	1
219	2	1	239	737940	1
117	1	1	245	737941	1
232	0	0	97	737941	1
61	1	1	12	737942	1
121	4	1	193	737942	1
163	1	1	206	737942	1
179	1	1	185	737942	1
205	1	1	40	737942	1
131	0	1	77	737942	2.5
25	1	2	18	737943	1
34	0	0	149	737943	1
74	1	0	16	737943	1
83	3	0	246	737943	1
88	1	1	66	737943	1
152	5	0	127	737943	1
156	2	2	197	737943	1
166	1	0	132	737943	1
184	1	2	87	737943	1
150	4	0	240	737943	3
49	1	3	14	737943	3
62	5	0	37	737943	3
68	3	0	9	737943	3
181	7	0	19	737943	3
5	4	1	144	737944	1
7	1	4	183	737944	1
26	1	1	91	737944	1
219	7	0	130	737944	1
232	2	0	147	737944	1
237	1	0	164	737944	1
146	0	0	60	737944	3
239	1	0	102	737944	3
155	2	0	223	737944	3
108	3	1	103	737944	3
20	8	0	43	737944	3
171	4	0	203	737944	3
21	1	1	2	737944	3
238	4	0	136	737944	3
226	2	2	107	737944	3
32	3	1	244	737944	3
241	0	0	175	737944	3
11	1	1	54	737944	3
177	0	3	56	737944	3
122	0	3	15	737944	3
182	1	0	106	737944	3
80	0	1	105	737945	1
82	0	1	77	737945	1
104	1	0	64	737945	1
112	4	0	65	737945	1
121	2	1	139	737945	1
161	0	1	44	737945	1
163	4	0	118	737945	1
186	2	0	50	737945	1
206	6	0	90	737945	1
214	0	0	180	737945	1
125	3	1	131	737945	2.5
137	0	4	220	737945	3
10	1	0	92	737945	3
217	6	0	29	737945	3
95	10	0	191	737945	3
69	1	1	23	737945	3
159	3	0	27	737945	3
188	3	0	99	737945	3
36	2	0	71	737945	3
97	0	2	228	737946	1
113	2	1	41	737946	1
149	1	3	111	737946	1
160	0	2	86	737946	1
185	1	0	40	737946	1
198	3	1	253	737946	1
218	3	1	12	737946	1
231	1	0	70	737946	1
246	0	0	3	737946	1
196	3	0	249	737946	3
126	3	2	215	737946	3
211	5	0	233	737946	3
240	0	7	73	737946	3
14	0	7	45	737946	3
37	0	8	63	737946	3
172	13	0	9	737946	3
234	0	10	100	737946	3
19	0	0	230	737946	3
5	1	0	138	737947	1
16	0	0	205	737947	1
26	1	0	61	737947	1
66	2	0	34	737947	1
74	1	0	184	737947	1
132	0	1	197	737947	1
147	1	0	18	737947	1
156	3	0	87	737947	1
166	1	2	91	737947	1
102	2	2	60	737947	3
239	3	2	146	737947	3
7	0	0	90	737948	1
80	5	1	130	737948	1
88	7	1	125	737948	1
186	5	0	50	737948	1
199	1	1	114	737948	1
237	4	0	64	737948	1
94	0	3	220	737948	3
55	2	0	178	737948	3
155	0	3	117	737948	3
15	5	1	223	737948	3
109	4	1	43	737948	3
242	5	0	203	737948	3
21	0	2	106	737948	3
123	0	1	148	737948	3
115	4	1	224	737948	3
238	3	1	226	737948	3
245	4	0	107	737948	3
20	0	3	108	737948	3
182	1	0	167	737948	3
28	2	2	253	737949	1
44	0	0	161	737949	1
65	3	1	3	737949	1
83	3	0	40	737949	1
86	1	0	228	737949	1
104	0	0	183	737949	1
121	1	2	97	737949	1
151	1	0	89	737949	1
152	1	1	78	737949	1
179	2	2	105	737949	1
198	2	0	46	737949	1
214	4	0	131	737949	1
92	1	2	150	737949	3
73	3	0	10	737949	3
45	4	0	217	737949	3
29	1	1	49	737949	3
191	0	1	62	737949	3
63	0	0	95	737949	3
23	1	1	68	737949	3
172	3	0	69	737949	3
100	1	0	159	737949	3
99	0	2	181	737949	3
230	2	0	188	737949	3
71	1	2	177	737949	3
56	2	2	11	737949	3
244	0	0	241	737949	3
175	0	2	36	737949	3
54	1	1	32	737949	3
233	3	2	126	737950	3
160	0	1	58	737950	1
180	4	0	111	737950	1
239	4	0	60	737950	1
211	5	0	215	737950	3
77	2	1	125	737951	2.5
210	3	2	236	737951	1
178	3	0	94	737952	3
55	5	0	137	737952	3
155	0	3	15	737952	3
122	0	0	117	737952	3
43	0	10	108	737952	3
103	0	1	109	737952	3
249	0	1	242	737952	3
2	1	2	167	737952	3
153	1	8	123	737952	3
136	1	2	245	737952	3
115	1	0	199	737952	2.5
70	1	1	138	737952	1
97	2	1	160	737952	1
121	1	0	86	737952	1
144	1	0	128	737952	1
231	0	2	5	737952	1
112	3	0	232	737952	2.5
196	3	0	203	737952	3
238	5	0	107	737952	3
100	0	1	45	737953	3
172	2	1	63	737953	3
188	0	4	73	737953	3
89	0	0	113	737953	1
146	0	0	102	737953	1
151	1	0	41	737953	1
246	1	1	219	737953	2.5
66	0	1	82	737953	2.5
185	0	3	26	737953	2.5
211	2	1	126	737954	3
216	0	1	253	737954	1
225	2	0	135	737954	1
16	3	1	163	737954	2.5
156	3	2	237	737954	2.5
74	1	0	61	737954	2.5
36	3	0	244	737954	2.5
56	1	0	71	737954	2.5
129	0	1	128	737955	1
197	0	2	65	737955	2.5
179	1	2	205	737955	2.5
214	0	0	218	737955	2.5
11	1	1	54	737955	2.5
175	3	1	32	737955	2.5
178	1	1	137	737956	3
55	3	1	220	737956	3
15	1	0	117	737956	3
20	4	0	103	737956	3
108	1	0	109	737956	3
171	3	0	249	737956	3
196	3	0	242	737956	3
21	0	3	167	737956	3
106	1	1	2	737956	3
224	4	0	153	737956	3
115	5	1	123	737956	3
226	0	1	136	737956	3
238	3	2	245	737956	3
45	3	0	100	737956	3
63	0	0	172	737956	3
73	2	0	188	737956	3
231	1	0	138	737956	1
67	1	0	208	737956	1
104	0	3	180	737956	2.5
88	0	1	83	737956	2.5
122	2	1	223	737956	3
232	0	2	246	737957	2.5
112	3	0	219	737957	2.5
185	1	0	82	737957	2.5
66	1	2	26	737958	2.5
237	2	1	163	737958	2.5
156	2	0	16	737958	2.5
56	0	0	244	737958	2.5
36	4	0	177	737958	2.5
5	5	1	128	737958	1
61	1	1	65	737959	2.5
74	0	0	197	737959	2.5
218	1	0	205	737959	2.5
54	1	0	32	737959	2.5
11	1	0	241	737959	2.5
214	1	1	179	737960	2.5
104	1	1	83	737960	2.5
88	4	2	180	737960	2.5
129	0	1	216	737960	2.5
112	1	0	246	737961	2.5
219	3	1	232	737961	2.5
244	2	2	71	737961	2.5
56	1	2	177	737961	2.5
167	2	1	208	737961	2.5
66	4	1	185	737962	2.5
82	0	2	26	737962	2.5
156	3	0	163	737962	2.5
237	0	1	16	737962	2.5
241	1	1	54	737962	2.5
11	1	0	175	737962	2.5
197	1	3	61	737963	2.5
74	1	0	65	737963	2.5
144	2	0	249	737963	2.5
214	5	0	205	737964	2.5
218	3	2	179	737964	2.5
88	2	2	104	737964	2.5
180	2	2	83	737964	2.5
71	2	2	177	737964	2.5
36	2	1	56	737964	2.5
126	1	0	67	737964	2.5
32	0	2	241	737965	2.5
54	0	2	175	737965	2.5
171	5	1	57	737965	2.5
20	2	0	122	737966	2.5
112	2	1	16	737967	2.5
246	0	4	66	737967	2.5
156	0	2	65	737968	2.5
26	1	0	180	737968	2.5
36	1	1	71	737968	2.5
244	0	1	177	737968	2.5
73	0	0	95	737968	1
61	3	5	214	737969	2.5
83	3	3	219	737969	2.5
11	4	1	32	737969	2.5
241	1	0	175	737969	2.5
74	2	0	88	737970	2.5
218	1	2	237	737970	2.5
146	3	0	172	737971	1
219	1	1	214	737973	2.5
26	1	2	112	737973	2.5
177	3	3	175	737973	2.5
36	1	0	54	737973	2.5
100	6	1	191	737973	2.5
230	6	1	150	737973	2.5
29	8	1	23	737973	2.5
65	1	2	66	737974	2.5
237	0	4	74	737974	2.5
146	4	0	161	737974	1
241	0	0	56	737974	2.5
11	3	0	71	737974	2.5
95	4	0	99	737974	2.5
62	0	3	84	737974	2.5
93	2	0	19	737974	2.5
182	1	0	73	737975	1
36	1	0	177	737976	2.5
11	1	1	56	737977	2.5
112	1	1	214	737977	2.5
100	4	1	29	737977	2.5
95	1	1	93	737977	2.5
230	1	1	84	737977	2.5
78	3	1	127	737977	2.5
210	1	0	35	737977	2.5
74	2	1	66	737978	2.5
152	0	0	254	737978	2.5
198	1	2	154	737978	2.5
253	1	2	127	737979	2.5
210	1	0	78	737979	2.5
177	2	3	56	737980	2.5
135	2	2	254	737980	2.5
198	1	0	152	737980	2.5
36	0	1	11	737981	2.5
127	0	4	35	737981	2.5
253	0	1	78	737981	2.5
146	0	0	230	737981	2.5
74	1	1	112	737982	2.5
154	2	0	254	737982	2.5
152	2	0	135	737982	2.5
73	2	0	95	737982	2.5
45	4	1	141	737982	2.5
239	1	0	100	737982	2.5
114	2	0	217	737983	2.5
60	3	1	93	737983	2.5
35	1	2	253	737984	2.5
210	4	0	127	737984	2.5
198	2	1	254	737984	2.5
135	1	1	154	737984	2.5
182	3	3	172	737984	2.5
102	4	0	92	737984	2.5
210	0	0	253	737985	2.5
78	1	1	35	737985	2.5
152	1	0	154	737985	2.5
198	2	1	135	737985	2.5
230	0	2	73	737985	2.5
95	0	3	146	737985	2.5
100	1	4	45	737986	2.5
239	6	1	141	737986	2.5
198	2	2	78	737987	2.5
210	3	0	152	737987	2.5
93	1	2	114	737987	2.5
217	1	2	60	737987	2.5
92	0	4	182	737988	2.5
172	2	3	102	737988	2.5
78	1	1	152	737989	2.5
210	0	0	198	737989	2.5
95	1	1	230	737989	2.5
146	1	0	73	737989	2.5
141	1	2	100	737989	2.5
239	1	0	45	737989	2.5
217	2	1	93	737991	2.5
60	1	0	114	737991	2.5
172	3	1	92	737991	2.5
102	0	2	182	737991	2.5
146	3	0	102	737995	2.5
182	3	2	73	737995	2.5
60	0	2	45	737996	2.5
239	1	0	114	737996	2.5
146	2	1	45	738000	2.5
239	1	0	182	738000	2.5
239	1	0	146	738003	2.5
73	0	0	60	738023	1
160	2	1	216	738024	1
216	3	0	160	738028	1
79	0	0	202	738028	1
79	2	1	236	738031	1
20	6	1	100	738034	1
57	7	1	200	738034	1
82	0	0	246	738034	1
182	0	4	199	738034	1
219	2	1	91	738034	1
50	1	1	46	738034	3
138	1	0	186	738034	3
72	1	0	8	738034	3
129	2	1	85	738034	3
198	2	0	228	738034	3
98	1	1	97	738034	3
180	2	1	183	738034	3
132	2	1	18	738034	3
118	2	2	237	738034	3
83	1	1	34	738034	3
80	0	4	111	738034	3
66	2	0	197	738034	3
147	0	2	16	738034	3
166	1	1	156	738034	3
125	3	1	90	738034	3
232	2	2	149	738034	3
139	3	0	64	738034	3
206	1	1	205	738034	3
185	0	0	61	738034	3
123	1	0	171	738035	2.5
155	1	1	106	738035	1
160	0	2	41	738035	3
5	8	0	67	738035	3
119	0	0	236	738035	3
154	1	1	58	738035	3
151	2	0	216	738035	3
70	1	1	225	738035	3
134	0	1	28	738035	3
211	0	0	109	738035	3
108	1	0	220	738035	3
238	0	0	126	738035	3
115	0	1	167	738035	3
15	3	0	55	738035	3
196	3	1	245	738035	3
87	0	1	121	738035	3
218	2	1	214	738035	3
112	1	1	40	738035	3
131	1	4	164	738035	3
65	1	0	25	738035	3
77	2	5	26	738035	3
7	2	0	193	738035	3
104	0	4	74	738035	3
179	4	1	3	738035	3
105	0	2	184	738035	3
130	0	2	88	738035	3
163	0	0	12	738035	3
32	1	1	56	738035	3
71	2	0	175	738035	3
177	1	1	241	738035	3
244	1	3	11	738035	3
54	0	1	36	738035	3
45	1	1	102	738035	3
73	0	0	239	738035	3
172	0	0	60	738035	3
146	2	1	114	738035	3
144	1	2	253	738036	3
231	3	0	75	738036	3
161	2	0	128	738036	3
152	0	0	113	738036	3
44	2	0	135	738036	3
254	0	0	210	738036	3
89	1	0	79	738036	3
34	1	0	122	738037	1
42	8	1	200	738037	1
100	2	0	117	738037	1
182	1	3	180	738037	1
183	1	1	18	738037	3
199	4	1	132	738037	3
82	1	0	118	738037	3
237	1	1	83	738037	3
80	0	1	66	738037	3
197	1	0	147	738037	3
111	5	2	16	738037	3
125	0	2	166	738037	3
90	0	3	232	738037	3
156	4	0	149	738037	3
206	1	0	139	738037	3
64	0	2	185	738037	3
205	0	1	61	738037	3
21	0	2	171	738038	2.5
77	0	1	164	738038	1
155	1	2	106	738038	1
218	2	1	242	738038	1
186	1	1	119	738038	3
85	1	1	72	738038	3
228	0	1	154	738038	3
121	1	1	91	738038	3
214	4	0	87	738038	3
40	1	0	131	738038	3
219	0	0	112	738038	3
25	2	3	246	738038	3
26	3	0	65	738038	3
74	4	0	7	738038	3
3	1	0	104	738038	3
193	1	7	179	738038	3
105	2	2	163	738038	3
88	6	0	12	738038	3
184	2	0	130	738038	3
71	0	0	54	738038	3
175	1	1	56	738038	3
241	4	2	32	738038	3
177	1	0	244	738038	3
60	0	1	146	738038	3
73	0	0	102	738038	3
114	0	3	172	738038	3
239	1	1	45	738038	3
67	2	4	160	738039	3
128	1	0	50	738039	3
113	2	1	44	738039	3
236	0	0	138	738039	3
210	1	0	89	738039	3
28	1	1	70	738039	3
123	4	1	21	738040	2.5
20	1	2	117	738040	1
57	1	0	42	738040	1
132	1	1	182	738040	1
41	1	1	5	738040	3
253	0	2	231	738040	3
75	1	0	144	738040	3
46	1	2	161	738040	3
135	1	0	152	738040	3
8	0	1	129	738040	3
79	1	0	254	738040	3
58	1	3	198	738040	3
216	2	4	98	738040	3
225	3	2	134	738040	3
220	1	1	238	738040	3
211	1	0	126	738040	3
109	0	3	108	738040	3
55	0	1	115	738040	3
245	0	1	15	738040	3
167	0	1	196	738040	3
183	1	1	199	738040	3
18	0	3	180	738040	3
34	2	2	118	738040	3
83	2	0	82	738040	3
80	2	1	147	738040	3
16	0	1	197	738040	3
66	5	0	111	738040	3
149	0	0	125	738040	3
156	6	1	232	738040	3
166	5	1	90	738040	3
61	3	0	206	738040	3
205	2	0	64	738040	3
185	2	0	139	738040	3
40	4	1	87	738041	1
65	1	1	237	738041	1
95	2	2	159	738041	1
121	0	2	214	738041	3
91	2	1	218	738041	3
164	0	0	219	738041	3
112	5	0	131	738041	3
246	0	0	77	738041	3
25	0	1	26	738041	3
3	5	0	193	738041	3
104	2	1	7	738041	3
179	1	1	74	738041	3
105	0	4	88	738041	3
12	1	1	130	738041	3
163	0	0	184	738041	3
60	1	1	114	738041	3
172	1	1	146	738041	3
45	3	0	73	738041	3
102	1	4	239	738041	3
56	3	1	54	738042	3
175	2	1	244	738042	3
241	1	0	71	738042	3
11	3	0	32	738042	3
36	2	0	177	738042	3
73	0	2	95	738057	1
72	2	0	128	738063	1
215	0	1	21	738064	2.5
137	0	1	155	738064	2.5
21	1	1	106	738067	2.5
215	2	3	155	738067	2.5
216	1	1	97	738069	3
151	5	0	98	738069	3
20	4	0	63	738069	1
117	4	0	136	738069	1
202	1	1	213	738069	1
112	1	2	214	738069	3
109	0	0	126	738070	3
211	2	1	220	738070	3
238	0	1	108	738070	3
196	1	0	115	738070	3
55	3	2	245	738070	3
15	3	1	167	738070	3
102	0	0	60	738070	3
239	2	0	114	738070	3
73	1	0	172	738070	3
146	1	1	45	738070	3
75	2	0	253	738070	3
231	3	0	144	738070	3
128	1	2	46	738070	3
161	0	1	50	738070	3
186	0	1	236	738070	3
138	5	0	119	738070	3
70	2	0	134	738070	3
225	0	1	28	738070	3
71	3	0	32	738070	3
244	1	3	36	738070	3
175	0	0	11	738070	3
177	2	0	54	738070	3
241	0	0	56	738070	3
107	2	1	223	738070	2.5
106	0	0	215	738070	2.5
137	2	0	21	738070	2.5
26	2	3	83	738070	3
65	2	2	246	738071	3
77	2	0	25	738071	3
90	0	3	149	738071	3
125	0	1	156	738071	3
232	1	1	166	738071	3
139	0	4	206	738071	3
64	0	3	61	738071	3
185	1	0	205	738071	3
105	1	1	12	738071	3
88	2	1	184	738071	3
130	0	4	163	738071	3
5	6	1	160	738071	3
67	0	4	41	738071	3
135	0	3	113	738071	3
44	3	1	152	738071	3
8	3	1	85	738071	3
72	1	0	129	738071	3
18	0	3	183	738072	3
132	0	1	199	738072	3
218	3	0	121	738072	3
87	0	2	91	738072	3
131	3	1	40	738072	3
219	2	0	164	738072	3
82	1	2	237	738072	3
118	0	2	34	738072	3
197	3	2	111	738072	3
80	0	2	16	738072	3
147	0	4	66	738072	3
7	0	5	74	738072	3
104	0	1	3	738072	3
179	5	0	193	738072	3
79	1	3	210	738072	3
89	3	1	254	738072	3
228	1	1	58	738072	3
198	4	1	154	738072	3
97	2	2	216	738072	3
63	1	2	158	738072	1
86	1	2	202	738072	1
180	3	0	182	738072	1
242	5	1	136	738072	1
94	0	1	43	738072	2.5
151	3	0	98	738072	3
60	2	1	73	738073	3
114	0	0	45	738073	3
172	1	0	239	738073	3
146	3	0	102	738073	3
253	1	1	75	738073	3
144	0	0	231	738073	3
50	0	2	161	738073	3
46	1	0	128	738073	3
119	0	1	138	738073	3
236	1	0	186	738073	3
28	0	1	225	738073	3
134	1	0	70	738073	3
32	1	0	177	738073	3
56	0	0	36	738073	3
244	2	1	71	738073	3
11	3	0	241	738073	3
54	2	0	175	738073	3
137	1	0	215	738073	2.5
155	0	1	106	738073	2.5
112	2	1	26	738073	3
214	1	2	83	738073	3
25	0	2	65	738074	3
77	0	1	246	738074	3
156	6	0	90	738074	3
166	2	0	149	738074	3
125	1	2	232	738074	3
64	2	2	139	738074	3
61	2	2	205	738074	3
206	1	2	185	738074	3
105	4	0	130	738074	3
163	0	4	88	738074	3
184	1	0	12	738074	3
41	2	0	67	738074	3
152	0	1	44	738074	3
113	2	1	135	738074	3
85	2	0	8	738074	3
129	0	3	72	738074	3
223	0	3	107	738074	2.5
108	1	1	211	738075	3
220	2	3	126	738075	3
238	2	2	109	738075	3
115	2	1	15	738075	3
167	3	1	245	738075	3
196	3	2	55	738075	3
180	5	0	132	738075	3
199	3	1	18	738075	3
121	1	2	87	738075	3
218	2	0	91	738075	3
40	2	1	164	738075	3
131	0	4	219	738075	3
118	0	2	82	738075	3
237	1	1	34	738075	3
80	0	1	197	738075	3
66	1	0	16	738075	3
111	2	1	147	738075	3
74	1	1	104	738075	3
3	0	1	179	738075	3
193	0	3	7	738075	3
160	0	4	5	738075	3
254	0	1	89	738075	3
210	1	0	79	738075	3
154	1	3	198	738075	3
58	1	2	228	738075	3
20	0	1	158	738075	1
117	3	0	242	738075	1
183	4	0	182	738075	1
213	1	2	86	738075	1
43	2	1	94	738075	2.5
151	4	1	97	738075	3
102	0	2	114	738076	3
239	2	1	60	738076	3
45	4	1	172	738076	3
73	0	2	146	738076	3
21	1	1	155	738076	2.5
137	1	3	106	738076	2.5
32	4	0	175	738077	3
56	0	0	71	738077	3
11	1	0	177	738077	3
36	4	1	241	738077	3
54	3	0	244	738077	3
106	3	0	155	738079	2.5
146	2	3	71	738090	1
73	0	1	32	738099	1
215	4	4	137	738103	2.5
121	0	2	117	738104	1
159	0	3	62	738104	1
21	1	1	200	738104	2.5
65	7	0	122	738105	1
123	2	1	203	738105	1
199	4	0	182	738105	1
237	1	1	40	738105	1
236	1	1	119	738105	3
186	0	3	138	738105	3
79	1	1	89	738105	3
210	1	0	254	738105	3
58	1	1	154	738105	3
228	1	1	198	738105	3
225	0	3	70	738105	3
28	2	0	134	738105	3
126	1	2	108	738105	3
109	1	1	220	738105	3
211	1	0	238	738105	3
55	1	1	167	738105	3
245	0	1	115	738105	3
15	0	0	196	738105	3
183	0	0	180	738105	3
18	1	3	132	738105	3
87	2	0	218	738105	3
91	0	1	214	738105	3
185	6	0	64	738105	3
139	1	7	61	738105	3
205	2	2	206	738105	3
88	9	0	130	738105	3
12	0	5	163	738105	3
184	0	0	105	738105	3
71	1	0	244	738105	3
175	0	1	54	738105	3
177	3	0	32	738105	3
36	1	0	56	738105	3
41	1	1	160	738106	3
67	0	4	5	738106	3
85	1	0	129	738106	3
8	2	2	72	738106	3
97	0	0	98	738106	3
151	3	0	216	738106	3
45	1	0	60	738106	3
102	2	3	172	738106	3
73	1	1	114	738106	3
239	2	0	146	738106	3
164	1	0	131	738106	3
112	1	1	219	738106	3
147	0	2	197	738106	3
66	3	1	80	738106	3
16	4	2	111	738106	3
74	5	0	3	738106	3
7	1	4	179	738106	3
104	4	0	193	738106	3
241	0	1	11	738106	3
42	2	1	153	738107	1
159	2	0	62	738107	1
202	0	2	57	738107	1
21	2	1	137	738107	2.5
215	0	1	200	738107	2.5
253	4	0	144	738107	3
75	1	0	231	738107	3
46	2	1	50	738107	3
128	0	2	161	738107	3
135	0	4	44	738107	3
113	3	0	152	738107	3
34	1	3	82	738107	3
83	8	0	118	738107	3
246	5	1	25	738107	3
26	3	1	77	738107	3
166	0	0	125	738107	3
232	6	0	90	738107	3
149	2	2	156	738107	3
18	2	2	182	738108	1
159	2	0	62	738108	1
138	1	0	236	738108	3
254	1	1	79	738108	3
89	1	0	210	738108	3
198	2	0	58	738108	3
70	2	0	28	738108	3
134	1	1	225	738108	3
180	1	2	199	738108	3
132	0	3	183	738108	3
214	1	0	218	738108	3
91	1	1	121	738108	3
61	1	0	185	738108	3
139	0	6	205	738108	3
206	2	1	64	738108	3
130	0	2	184	738108	3
163	3	1	105	738108	3
12	1	4	88	738108	3
87	1	0	242	738109	1
131	1	1	122	738109	1
160	7	2	67	738109	3
119	2	1	186	738109	3
154	0	1	228	738109	3
98	0	0	216	738109	3
164	0	0	112	738109	3
219	4	0	40	738109	3
197	2	0	66	738109	3
16	4	1	147	738109	3
111	3	2	80	738109	3
3	1	0	7	738109	3
179	1	2	104	738109	3
193	0	10	74	738109	3
20	4	2	123	738110	1
25	1	0	117	738110	1
118	1	0	224	738110	1
158	2	0	86	738110	1
107	0	1	2	738110	1
137	0	0	200	738110	2.5
215	2	1	21	738110	2.5
5	2	2	41	738110	3
144	1	1	75	738110	3
231	3	1	253	738110	3
128	3	1	50	738110	3
161	1	1	46	738110	3
152	1	0	135	738110	3
44	1	0	113	738110	3
72	2	1	85	738110	3
129	1	1	8	738110	3
151	3	0	97	738110	3
126	0	1	238	738110	3
109	0	3	211	738110	3
220	0	3	108	738110	3
55	1	1	15	738110	3
245	0	1	196	738110	3
167	0	1	115	738110	3
114	1	1	239	738110	3
45	2	1	146	738110	3
60	2	1	102	738110	3
172	2	1	73	738110	3
34	0	2	237	738110	3
82	0	2	83	738110	3
246	1	1	26	738110	3
65	2	0	77	738110	3
90	1	3	125	738110	3
149	1	2	232	738110	3
156	2	0	166	738110	3
32	3	0	241	738110	3
244	1	2	177	738110	3
56	0	0	175	738110	3
11	0	0	36	738110	3
54	0	2	71	738110	3
215	3	3	200	738113	2.5
107	4	1	153	738119	1
109	1	1	167	738124	2.5
182	1	0	20	738124	2.5
231	5	1	144	738124	2.5
238	2	1	220	738124	2.5
151	4	0	171	738125	2.5
196	0	1	117	738125	2.5
5	4	0	216	738125	2.5
72	1	0	126	738125	2.5
20	0	0	109	738127	2.5
182	2	1	167	738127	2.5
144	0	1	238	738127	2.5
220	2	0	231	738127	2.5
73	1	1	71	738128	1
117	0	4	151	738128	2.5
171	1	1	196	738128	2.5
126	0	2	5	738128	2.5
216	0	5	72	738128	2.5
167	3	0	20	738130	2.5
182	3	0	109	738130	2.5
220	1	2	144	738130	2.5
231	1	0	238	738130	2.5
117	5	1	171	738131	2.5
151	1	0	196	738131	2.5
5	1	1	72	738131	2.5
126	1	0	216	738131	2.5
146	2	2	54	738132	1
225	0	2	236	738133	1
231	2	1	167	738134	2.5
182	5	0	238	738134	2.5
72	3	1	117	738135	2.5
151	2	2	5	738135	2.5
73	0	1	54	738135	1
231	1	0	72	738139	2.5
182	1	2	5	738139	2.5
182	0	0	72	738142	2.5
231	0	2	5	738142	2.5
239	1	0	34	738142	1
144	0	0	41	738154	1
216	2	3	79	738154	1
135	2	1	57	738155	1
85	0	3	41	738157	1
216	0	0	254	738157	1
186	3	0	97	738158	1
144	1	1	85	738159	1
5	3	0	89	738160	1
186	0	2	97	738161	1
44	2	1	41	738164	3
79	0	1	46	738164	3
198	1	0	254	738165	3
97	1	0	135	738165	3
151	1	0	89	738165	3
57	0	1	85	738165	3
161	1	0	72	738166	3
216	0	0	98	738166	3
5	0	0	202	738166	3
105	1	1	236	738167	1
75	0	1	113	738167	3
231	0	1	138	738167	3
144	0	1	86	738167	3
44	4	1	79	738168	3
46	0	1	41	738168	3
198	0	0	97	738169	3
135	2	1	254	738169	3
151	2	0	57	738169	3
85	1	1	89	738169	3
211	5	1	105	738170	1
161	3	1	216	738170	3
98	0	1	72	738170	3
56	2	1	102	738171	1
177	1	1	172	738171	1
113	2	2	202	738171	3
5	0	1	75	738171	3
86	1	1	138	738171	3
231	4	0	144	738171	3
41	1	1	79	738172	3
44	1	1	46	738172	3
147	2	3	236	738173	1
135	0	0	198	738173	3
254	2	1	97	738173	3
85	2	2	151	738173	3
89	2	3	57	738173	3
72	1	0	216	738174	3
98	0	2	161	738174	3
211	4	0	147	738175	1
177	3	0	114	738175	1
113	3	1	5	738175	3
202	0	1	75	738175	3
86	1	0	231	738175	3
138	2	0	144	738175	3
32	5	0	230	738176	1
109	1	0	236	738176	1
41	1	1	85	738178	3
161	0	1	231	738178	3
44	2	1	57	738179	3
97	0	1	86	738179	3
151	2	1	135	738180	3
198	2	0	46	738180	3
113	0	0	72	738181	3
138	0	0	75	738181	3
20	3	1	236	738182	1
107	4	1	227	738182	1
242	3	0	213	738182	1
114	1	2	146	738182	3
239	1	0	73	738182	3
102	0	2	45	738182	3
60	1	0	172	738182	3
126	0	1	211	738182	3
108	1	0	109	738182	3
238	2	0	220	738182	3
115	2	0	55	738182	3
15	4	0	245	738182	3
196	1	0	167	738182	3
71	1	1	36	738182	3
175	0	1	241	738182	3
54	1	2	11	738182	3
117	3	1	158	738183	1
217	1	0	23	738183	1
56	0	1	177	738183	3
244	4	1	32	738183	3
122	2	0	129	738184	1
155	1	0	145	738184	1
159	4	0	27	738184	1
41	1	0	231	738184	3
44	2	0	86	738184	3
107	3	0	227	738185	1
72	2	1	151	738185	3
198	3	1	75	738185	3
45	2	0	239	738185	3
146	0	0	60	738185	3
172	3	2	114	738185	3
102	0	2	73	738185	3
20	1	0	70	738187	1
122	0	2	129	738187	1
155	1	0	145	738187	1
159	1	1	27	738187	1
217	2	1	99	738187	1
126	1	1	109	738187	3
108	1	0	238	738187	3
220	0	2	211	738187	3
245	3	1	55	738187	3
115	2	0	196	738187	3
167	2	2	15	738187	3
32	2	3	54	738187	3
241	4	1	244	738187	3
11	1	0	56	738187	3
177	1	1	71	738187	3
36	4	0	175	738187	3
41	1	3	198	738188	3
239	3	0	102	738188	3
114	0	1	60	738188	3
73	0	2	45	738188	3
146	1	0	172	738188	3
44	0	0	72	738189	3
44	3	3	41	738191	3
198	0	0	72	738192	3
59	0	2	207	738231	3
174	0	1	158	738232	3
157	1	2	81	738232	3
109	3	1	253	738232	1
145	0	0	200	738233	1
174	1	0	157	738235	3
158	4	0	81	738235	3
20	2	1	106	738237	1
90	0	0	92	738237	1
98	3	0	75	738237	1
93	0	2	46	738237	1
124	1	0	148	738237	1
136	2	0	178	738237	1
152	1	1	160	738237	1
225	3	1	50	738237	1
51	0	1	86	738237	2.5
67	2	4	213	738237	2.5
200	0	0	127	738237	2.5
208	0	3	78	738237	2.5
114	1	1	73	738238	3
146	0	0	239	738238	3
172	1	1	102	738238	3
60	1	0	45	738238	3
126	0	3	220	738238	3
109	1	0	238	738238	3
211	2	0	108	738238	3
55	1	1	196	738238	3
245	0	1	167	738238	3
15	0	2	115	738238	3
207	3	1	222	738238	3
81	1	2	174	738238	3
158	7	1	157	738238	3
56	3	0	32	738238	3
36	4	0	54	738238	3
175	3	1	71	738238	3
241	1	0	177	738238	3
112	0	1	163	738238	3
180	3	1	232	738238	3
218	1	0	65	738238	3
246	2	1	16	738238	3
12	1	0	149	738238	1
95	1	0	62	738238	1
104	0	1	199	738238	1
121	5	0	41	738238	1
128	0	4	28	738238	1
137	2	0	21	738238	1
197	1	1	179	738238	1
226	2	0	155	738238	1
228	3	0	202	738238	1
77	0	0	64	738238	3
147	1	2	118	738238	3
145	3	0	194	738238	2.5
44	0	1	5	738239	3
70	1	1	151	738239	3
72	1	0	198	738239	3
89	0	0	161	738239	3
138	0	1	231	738239	3
11	3	0	244	738239	3
7	1	0	188	738239	1
34	0	1	87	738239	1
46	6	0	130	738239	1
57	2	1	79	738239	1
58	1	3	253	738239	1
83	2	1	113	738239	1
125	1	1	122	738239	1
132	1	3	164	738239	1
139	1	0	18	738239	1
166	2	0	205	738239	1
184	0	1	91	738239	1
193	1	2	131	738239	1
210	0	0	97	738239	1
224	1	1	236	738239	2.5
230	9	0	23	738239	1
242	3	1	123	738239	2.5
8	3	2	98	738240	1
20	1	0	42	738240	1
25	3	0	106	738240	1
50	0	0	216	738240	1
61	1	1	206	738240	1
74	2	1	219	738240	1
82	1	1	105	738240	1
88	2	0	111	738240	1
90	0	0	80	738240	1
129	2	1	160	738240	1
144	2	1	152	738240	1
156	4	2	66	738240	1
182	2	1	40	738240	1
183	2	2	26	738240	1
203	2	1	136	738240	1
214	2	1	3	738240	1
73	1	2	60	738241	3
45	4	0	114	738241	3
102	0	1	146	738241	3
239	5	1	172	738241	3
158	1	0	222	738241	3
207	3	2	174	738241	3
23	0	5	99	738241	1
27	0	3	62	738241	1
28	2	1	253	738241	1
95	2	1	100	738241	1
124	3	2	38	738241	1
128	0	1	202	738241	1
226	1	0	217	738241	1
213	1	0	67	738241	2.5
127	3	1	200	738241	2.5
78	2	1	208	738241	2.5
145	3	3	194	738241	2.5
7	1	0	92	738242	1
46	2	0	193	738242	1
149	1	0	91	738242	1
243	1	2	81	738242	1
5	1	2	44	738243	3
151	4	1	70	738243	3
161	1	1	89	738243	3
198	1	0	72	738243	3
231	0	0	138	738243	3
108	2	0	126	738243	3
220	1	1	109	738243	3
238	1	0	211	738243	3
115	1	1	245	738243	3
167	2	0	55	738243	3
196	1	0	15	738243	3
71	1	1	11	738243	3
177	2	0	175	738243	3
32	0	4	36	738243	3
244	0	1	56	738243	3
54	0	2	241	738243	3
179	2	0	218	738243	3
180	2	0	163	738243	3
3	0	0	87	738243	1
8	0	0	75	738243	1
16	2	2	197	738243	1
18	0	1	125	738243	1
20	0	1	25	738243	1
21	0	0	148	738243	1
26	3	0	41	738243	1
34	1	0	132	738243	1
58	1	2	202	738243	1
61	2	1	40	738243	1
66	3	0	199	738243	1
74	3	0	113	738243	1
80	1	0	130	738243	1
82	0	2	205	738243	1
83	5	0	210	738243	1
111	2	2	184	738243	1
128	1	2	42	738243	1
139	2	0	122	738243	1
144	2	0	129	738243	1
156	1	1	88	738243	1
164	0	1	104	738243	1
166	9	0	12	738243	1
182	0	0	206	738243	1
183	1	0	131	738243	1
203	2	0	178	738243	1
214	5	0	105	738243	1
219	1	1	121	738243	1
225	1	1	216	738243	1
228	1	1	28	738243	1
230	1	1	99	738243	1
232	2	3	112	738243	1
246	1	1	65	738243	1
224	1	0	123	738243	2.5
242	4	2	236	738243	2.5
64	2	0	77	738243	3
118	0	1	147	738243	3
86	2	2	51	738243	2.5
146	2	0	73	738244	3
60	2	0	239	738244	3
172	1	0	45	738244	3
114	2	1	102	738244	3
207	0	5	158	738244	3
73	0	4	95	738269	1
146	0	0	95	738272	1
19	4	2	234	738287	1
68	2	1	191	738287	1
19	1	2	234	738289	1
68	3	1	191	738290	1
252	1	1	142	738296	2.5
31	0	1	142	738297	2.5
252	0	1	31	738298	2.5
152	0	1	78	738299	1
226	3	1	20	738299	1
31	1	0	142	738300	2.5
20	2	0	153	738302	1
136	4	0	38	738302	1
226	1	0	233	738302	1
79	1	1	127	738303	1
106	0	2	117	738303	1
146	2	1	161	738303	1
238	1	1	86	738304	1
79	1	1	127	738305	1
230	1	0	189	738305	1
226	1	2	20	738306	1
112	0	3	11	738307	3
197	1	3	237	738307	3
8	2	1	50	738307	2.5
89	3	0	134	738307	2.5
129	1	0	35	738307	2.5
179	2	1	246	738307	3
15	2	1	117	738307	1
107	0	0	21	738307	1
139	0	1	244	738307	1
122	0	0	203	738307	1
136	2	0	103	738307	1
220	1	0	224	738307	1
239	3	0	151	738307	1
245	2	0	2	738307	1
231	4	0	75	738308	2.5
152	1	1	186	738308	2.5
172	2	0	60	738308	3
23	0	1	10	738308	3
93	2	1	62	738308	3
27	0	2	69	738308	3
84	2	0	95	738308	3
9	0	0	68	738308	3
65	2	1	219	738308	3
214	1	1	180	738308	3
111	2	2	105	738308	3
199	0	1	166	738308	3
206	0	2	218	738308	3
164	0	1	91	738308	3
64	0	2	121	738308	3
87	4	0	90	738308	3
40	1	1	163	738308	3
77	2	0	193	738308	3
43	2	1	227	738308	1
71	1	0	161	738308	1
115	4	1	175	738308	1
211	1	5	36	738308	1
146	0	3	241	738308	1
228	2	2	78	738309	2.5
41	2	0	46	738309	2.5
57	2	0	127	738309	2.5
113	3	1	253	738309	2.5
63	0	1	102	738309	3
19	1	0	191	738309	3
159	2	1	230	738309	3
204	1	1	240	738309	3
234	1	4	33	738309	3
190	0	0	14	738309	3
37	1	1	49	738309	3
61	0	3	16	738309	3
83	1	2	66	738309	3
26	1	4	156	738309	3
118	2	0	18	738309	3
25	0	1	205	738309	3
130	0	2	147	738309	3
125	3	0	7	738309	3
155	0	2	167	738309	1
154	1	1	42	738310	2.5
160	1	1	225	738310	2.5
5	2	0	236	738310	2.5
86	1	0	213	738310	2.5
138	4	0	58	738310	2.5
144	3	0	216	738310	2.5
70	0	1	85	738310	2.5
198	3	1	28	738310	2.5
217	1	1	114	738310	3
73	3	1	92	738310	3
29	0	0	100	738310	3
150	1	2	99	738310	3
104	1	0	74	738310	3
112	1	1	88	738310	3
12	1	0	183	738310	3
82	1	1	34	738310	3
149	2	0	184	738310	3
131	0	2	132	738310	3
232	4	0	80	738310	3
246	1	0	237	738311	3
135	2	1	79	738311	2.5
72	1	0	97	738311	2.5
50	1	1	89	738311	2.5
134	1	1	8	738311	2.5
35	0	0	231	738311	2.5
60	2	0	141	738311	3
62	3	0	23	738311	3
10	1	0	93	738311	3
95	2	0	27	738311	3
69	2	3	84	738311	3
68	1	1	9	738311	3
180	4	0	219	738311	3
65	2	2	214	738311	3
199	4	1	206	738311	3
218	1	2	166	738311	3
64	0	0	164	738311	3
121	0	1	91	738311	3
90	0	2	163	738311	3
40	2	5	87	738311	3
193	0	2	139	738311	3
11	5	0	77	738311	1
146	0	0	71	738311	1
177	1	0	158	738311	1
196	0	1	56	738311	1
239	0	0	241	738311	1
75	2	0	129	738312	2.5
102	1	2	63	738312	3
191	2	2	159	738312	3
230	1	0	19	738312	3
33	2	2	204	738312	3
240	3	2	234	738312	3
14	3	0	190	738312	3
49	1	1	37	738312	3
16	1	2	66	738312	3
61	1	1	83	738312	3
105	1	1	3	738312	3
25	0	0	18	738312	3
205	0	1	118	738312	3
125	1	0	130	738312	3
7	0	0	147	738312	3
211	2	0	54	738312	1
115	0	1	36	738312	1
78	1	3	41	738313	2.5
46	2	0	228	738313	2.5
253	2	1	57	738313	2.5
198	1	0	186	738313	2.5
114	3	1	217	738313	3
92	2	2	73	738313	3
99	2	1	29	738313	3
100	3	2	150	738313	3
88	1	1	74	738313	3
112	2	1	104	738313	3
82	2	0	149	738313	3
34	1	0	184	738313	3
80	0	1	132	738313	3
131	0	6	232	738313	3
122	1	2	107	738314	2.5
117	2	0	155	738314	2.5
178	0	0	249	738314	2.5
148	0	1	171	738314	2.5
226	3	0	137	738314	2.5
242	3	0	215	738314	2.5
103	2	1	2	738314	2.5
106	2	0	43	738314	2.5
20	2	0	21	738314	2.5
136	3	1	233	738314	2.5
224	4	0	153	738314	2.5
123	2	1	203	738314	2.5
236	1	1	160	738314	2.5
225	0	2	5	738314	2.5
58	1	0	86	738314	2.5
85	0	0	144	738314	2.5
216	2	1	70	738314	2.5
28	0	1	152	738314	2.5
246	1	2	156	738314	3
26	6	1	179	738314	3
183	0	1	237	738314	3
197	2	0	12	738314	3
98	5	1	194	738315	2.5
161	2	1	202	738315	2.5
42	0	1	44	738315	2.5
79	2	0	72	738315	2.5
97	1	0	135	738315	2.5
213	1	3	138	738315	2.5
127	0	0	113	738315	2.5
151	2	1	210	738315	2.5
172	5	0	141	738315	3
45	4	0	63	738315	3
23	0	1	93	738315	3
10	0	2	62	738315	3
27	1	1	84	738315	3
14	2	3	188	738315	3
68	0	1	189	738315	3
49	0	3	181	738315	3
180	2	0	65	738315	3
219	0	1	214	738315	3
166	0	0	206	738315	3
218	0	1	199	738315	3
121	3	2	164	738315	3
91	3	0	64	738315	3
90	1	1	40	738315	3
163	0	3	87	738315	3
139	1	2	77	738315	3
158	0	0	167	738315	1
193	0	1	105	738315	1
196	0	1	244	738315	1
239	5	0	92	738316	3
191	0	2	230	738316	3
19	0	2	159	738316	3
69	1	1	95	738316	3
16	1	1	83	738316	3
66	0	1	61	738316	3
3	1	2	111	738316	3
18	0	1	205	738316	3
25	1	1	118	738316	3
147	2	4	125	738316	3
7	2	1	130	738316	3
211	2	2	175	738316	1
54	0	2	231	738316	2.5
115	4	1	89	738316	2.5
122	4	1	155	738317	2.5
107	0	1	117	738317	2.5
148	0	1	178	738317	2.5
249	0	5	171	738317	2.5
215	0	2	226	738317	2.5
242	4	0	137	738317	2.5
43	0	3	103	738317	2.5
106	2	1	2	738317	2.5
21	1	2	233	738317	2.5
136	1	2	20	738317	2.5
203	0	1	224	738317	2.5
123	2	0	153	738317	2.5
146	3	0	217	738317	3
99	2	6	100	738317	3
150	3	2	29	738317	3
240	0	2	33	738317	3
204	8	2	234	738317	3
74	0	0	112	738317	3
104	1	1	88	738317	3
246	1	1	26	738317	3
156	2	2	179	738317	3
237	3	0	12	738317	3
183	3	0	197	738317	3
149	1	1	34	738317	3
184	1	0	82	738317	3
80	2	1	131	738317	3
132	0	2	232	738317	3
71	1	0	46	738317	1
241	5	0	172	738317	1
141	0	0	172	738318	3
62	3	1	10	738318	3
93	2	1	23	738318	3
188	1	1	190	738318	3
189	2	0	9	738318	3
181	6	0	37	738318	3
214	2	0	65	738318	3
219	1	0	180	738318	3
166	3	2	218	738318	3
206	2	2	199	738318	3
164	2	2	64	738318	3
91	2	0	121	738318	3
163	4	0	90	738318	3
87	0	0	40	738318	3
139	1	0	193	738318	3
108	1	2	5	738318	1
15	0	0	177	738319	3
194	0	10	161	738319	2.5
202	2	2	98	738319	2.5
151	2	0	128	738319	2.5
102	2	1	45	738319	3
159	4	0	19	738319	3
230	4	1	191	738319	3
95	2	0	69	738319	3
66	2	0	16	738319	3
83	0	1	61	738319	3
105	2	2	111	738319	3
18	2	0	25	738319	3
118	2	1	205	738319	3
3	0	0	77	738319	1
60	1	0	158	738320	3
122	0	3	117	738320	2.5
107	7	0	155	738320	2.5
171	4	0	178	738320	2.5
148	2	0	249	738320	2.5
137	1	0	215	738320	2.5
242	2	0	226	738320	2.5
2	2	2	43	738320	2.5
106	4	0	103	738320	2.5
20	1	0	233	738320	2.5
136	4	1	21	738320	2.5
153	2	6	203	738320	2.5
123	0	0	224	738320	2.5
114	1	1	146	738320	3
73	1	1	239	738320	3
100	6	0	99	738320	3
84	1	0	27	738320	3
33	2	0	240	738320	3
234	2	0	204	738320	3
74	0	4	104	738320	3
88	5	2	112	738320	3
156	3	2	246	738320	3
179	0	1	26	738320	3
12	1	4	197	738320	3
237	1	1	183	738320	3
34	3	2	82	738320	3
184	0	3	149	738320	3
132	2	2	80	738320	3
232	2	0	131	738320	3
147	2	1	7	738320	3
130	0	2	125	738320	3
54	0	0	89	738320	2.5
115	0	3	231	738320	2.5
211	4	1	72	738320	1
140	0	1	143	738323	2.5
140	3	1	17	738324	2.5
17	0	1	143	738325	2.5
146	0	1	175	738398	1
81	1	0	157	738415	2.5
207	1	0	157	738415	2.5
39	0	3	137	738419	1
103	2	0	153	738419	1
129	0	0	236	738419	1
193	0	0	200	738419	1
245	4	0	203	738419	1
197	3	0	237	738419	3
15	1	0	158	738420	1
43	0	1	21	738420	1
57	0	1	231	738420	1
105	1	0	244	738420	1
217	2	1	159	738420	1
226	1	1	136	738420	2.5
230	1	2	224	738420	2.5
61	2	1	66	738420	3
83	2	0	16	738420	3
26	2	1	246	738420	3
179	0	2	156	738420	3
131	1	1	80	738420	3
232	3	3	132	738420	3
118	2	1	25	738420	3
205	1	2	18	738420	3
125	1	2	147	738420	3
130	0	2	7	738420	3
115	2	0	239	738421	2.5
5	1	0	97	738421	1
11	3	0	102	738421	1
20	1	2	46	738421	1
36	3	0	89	738421	1
44	0	2	242	738421	1
45	2	0	182	738421	1
70	0	1	41	738421	1
72	3	0	160	738421	1
108	1	0	241	738421	1
109	1	1	167	738421	1
117	2	0	220	738421	1
211	2	2	60	738421	1
138	1	0	253	738421	1
151	2	0	54	738421	1
175	1	0	238	738421	1
186	0	0	75	738421	1
196	0	0	71	738421	1
88	0	1	104	738421	3
112	1	0	74	738421	3
34	1	0	149	738421	3
82	1	1	184	738421	3
87	2	0	163	738421	3
40	5	1	90	738421	3
77	2	1	139	738421	3
32	0	2	198	738422	1
56	4	1	95	738422	1
81	2	2	207	738422	2.5
92	1	3	191	738422	1
103	0	0	153	738422	1
106	1	1	203	738422	1
107	3	2	63	738422	1
113	2	1	228	738422	1
124	1	3	137	738422	1
134	3	3	58	738422	1
144	1	0	28	738422	1
146	1	0	177	738422	1
210	4	0	202	738422	1
225	1	0	236	738422	1
243	0	1	174	738422	2.5
65	0	4	180	738422	3
214	1	2	219	738422	3
12	0	5	237	738422	3
197	2	1	183	738422	3
111	2	1	3	738422	3
206	2	1	166	738422	3
199	4	1	218	738422	3
164	2	1	121	738422	3
64	1	0	91	738422	3
226	2	1	230	738423	2.5
136	0	0	224	738423	2.5
158	0	2	15	738423	1
160	0	0	128	738423	1
16	1	3	61	738423	3
66	2	0	83	738423	3
246	0	1	179	738423	3
156	1	0	26	738423	3
80	2	1	232	738423	3
132	1	0	131	738423	3
205	1	1	25	738423	3
18	3	0	118	738423	3
7	1	1	125	738423	3
147	2	0	130	738423	3
79	2	2	216	738424	1
109	1	0	220	738424	1
117	1	0	167	738424	1
74	3	3	88	738424	3
104	0	2	112	738424	3
149	0	2	82	738424	3
184	4	1	34	738424	3
90	1	2	87	738424	3
163	0	1	40	738424	3
193	0	4	77	738424	3
81	0	1	174	738425	2.5
5	2	1	161	738425	1
11	3	0	114	738425	1
20	0	2	172	738425	1
36	5	1	231	738425	1
39	1	0	124	738425	1
41	2	1	57	738425	1
45	0	2	241	738425	1
70	3	0	202	738425	1
60	2	1	242	738425	1
71	0	0	115	738425	2.5
72	3	0	128	738425	1
75	2	2	228	738425	1
89	1	0	159	738425	1
102	2	1	95	738425	1
107	2	1	63	738425	1
108	1	1	198	738425	1
113	3	1	97	738425	1
211	1	0	44	738425	1
129	2	1	225	738425	1
134	3	1	28	738425	1
139	2	1	111	738425	1
144	2	0	58	738425	1
146	2	3	56	738425	1
155	3	1	21	738425	1
175	0	0	151	738425	1
177	4	1	73	738425	1
182	2	2	54	738425	1
196	0	0	239	738425	1
210	1	0	35	738425	1
238	0	4	244	738425	1
245	3	0	106	738425	1
180	0	1	214	738425	3
219	2	1	65	738425	3
183	3	2	12	738425	3
237	0	0	197	738425	3
3	1	1	105	738425	3
166	0	2	199	738425	3
218	1	1	206	738425	3
121	5	1	64	738425	3
91	3	1	164	738425	3
