141	0	0	217	736897	1
28	1	0	26	736910	1
183	0	3	126	736910	1
96	3	0	65	736921	1
7	0	0	72	736924	1
92	1	5	131	736924	1
96	1	0	65	736924	1
26	2	2	131	736926	1
211	1	1	9	736928	1
9	1	2	211	736931	1
26	0	0	65	736932	1
24	0	1	222	736935	1
26	0	2	65	736935	1
146	1	4	117	736935	1
234	3	1	38	736938	2.5
82	1	1	41	736939	1
95	4	0	115	736939	2.5
165	4	1	146	736939	2.5
146	2	0	95	736941	2.5
165	9	0	115	736941	2.5
170	1	2	186	736941	2.5
24	2	0	42	736941	2.5
83	1	1	117	736942	1
76	3	0	67	736942	1
122	2	0	222	736942	2.5
6	0	0	86	736943	3
197	1	2	241	736943	3
182	4	1	198	736943	3
174	2	0	54	736943	3
77	1	2	39	736943	3
50	0	2	90	736943	3
139	0	0	7	736943	3
14	2	1	143	736943	3
91	0	2	147	736943	3
19	2	0	225	736943	1
23	1	1	84	736943	1
134	0	1	140	736943	1
195	1	1	183	736943	1
104	2	1	189	736943	1
192	1	1	64	736943	1
237	2	0	72	736943	1
244	1	1	219	736943	1
115	1	1	146	736943	2.5
165	1	1	95	736943	2.5
170	4	0	42	736943	2.5
24	1	0	186	736943	2.5
69	0	0	227	736943	2.5
97	3	0	26	736943	2.5
130	1	1	190	736944	3
189	1	2	204	736944	3
4	1	0	129	736944	3
144	0	1	218	736944	3
201	0	0	167	736944	3
114	3	1	153	736944	3
21	0	0	135	736944	3
13	3	0	96	736944	1
230	2	0	149	736944	1
73	2	0	131	736944	1
60	2	0	63	736944	1
161	1	4	243	736944	1
49	1	0	202	736944	1
75	0	4	27	736944	1
55	1	1	159	736944	1
80	0	2	37	736944	1
246	1	2	56	736944	1
151	0	0	222	736944	2.5
9	0	5	98	736944	2.5
10	0	3	208	736944	2.5
28	4	0	22	736944	2.5
226	6	0	128	736945	3
124	1	2	78	736945	3
127	1	2	35	736945	3
85	1	0	107	736945	3
81	0	1	93	736945	3
32	5	0	210	736945	3
145	4	0	164	736945	3
38	1	0	234	736945	2.5
100	1	0	223	736945	2.5
57	1	1	44	736945	2.5
87	1	1	41	736945	2.5
88	1	1	12	736945	2.5
3	0	0	142	736945	2.5
160	2	0	40	736945	2.5
70	6	0	172	736945	2.5
169	1	1	250	736945	2.5
242	0	0	232	736945	2.5
186	3	0	42	736945	2.5
24	0	2	170	736945	2.5
213	0	2	171	736945	2.5
65	11	0	119	736945	2.5
166	1	2	71	736945	2.5
86	2	1	104	736946	3
241	1	0	76	736946	3
67	2	0	182	736946	3
39	1	0	174	736946	3
54	2	1	77	736946	3
90	1	0	139	736946	3
147	2	0	14	736946	3
143	2	0	91	736946	3
6	2	1	189	736946	1
140	0	0	177	736946	1
58	1	1	251	736946	2.5
203	1	2	62	736946	2.5
122	2	0	151	736946	2.5
34	0	5	200	736946	2.5
120	0	8	46	736946	2.5
17	3	1	30	736946	2.5
131	4	0	110	736946	2.5
209	1	0	191	736946	2.5
192	1	0	130	736947	3
225	2	3	189	736947	3
75	2	0	4	736947	3
167	2	0	144	736947	3
218	2	2	201	736947	3
7	1	1	50	736947	3
135	2	0	114	736947	3
153	1	1	21	736947	3
23	0	0	202	736947	1
45	1	3	149	736947	1
136	2	2	126	736947	1
195	2	1	219	736947	1
204	5	1	197	736947	1
11	2	2	33	736947	1
102	13	0	211	736947	2.5
66	10	0	92	736947	2.5
128	0	3	27	736948	3
78	6	0	64	736948	3
35	1	0	19	736948	3
107	2	1	93	736948	3
85	1	0	81	736948	3
210	0	3	145	736948	3
164	0	0	32	736948	3
56	0	0	13	736948	1
73	2	0	96	736948	1
124	1	0	226	736948	1
87	0	1	250	736948	1
123	1	0	159	736948	1
132	3	0	63	736948	2.5
134	0	0	177	736948	1
194	1	0	150	736948	1
60	0	0	53	736948	1
137	0	3	72	736948	1
141	1	2	173	736948	1
127	3	0	129	736948	1
184	0	2	246	736948	1
190	1	1	198	736948	1
49	3	0	183	736948	1
55	2	0	83	736948	1
80	1	0	161	736948	1
244	0	1	125	736948	1
211	0	3	94	736948	2.5
37	5	0	71	736949	1
122	3	1	186	736949	2.5
170	0	3	151	736949	2.5
151	2	1	122	736952	2.5
36	1	0	169	736967	1
213	1	1	26	736967	1
4	0	0	134	736977	1
123	3	0	162	736977	1
130	1	1	241	736977	1
82	0	0	194	736977	2.5
250	2	1	101	736977	2.5
190	2	3	192	736978	3
204	0	0	225	736978	3
129	2	1	75	736978	3
167	0	2	218	736978	3
144	1	2	201	736978	3
114	0	3	21	736978	3
135	3	1	153	736978	3
13	4	0	126	736978	1
23	0	1	219	736978	1
86	2	2	128	736978	1
105	1	1	72	736978	1
106	0	1	228	736978	1
136	1	0	140	736978	1
161	3	2	63	736978	1
189	0	0	35	736978	1
80	2	4	56	736978	1
182	1	4	78	736978	1
58	3	1	141	736978	2.5
98	0	1	213	736978	2.5
27	2	1	226	736979	3
64	0	0	124	736979	3
19	1	0	127	736979	3
81	0	1	85	736979	3
93	1	0	107	736979	3
32	1	0	145	736979	3
164	2	0	210	736979	3
45	2	2	234	736979	1
132	3	0	184	736979	2.5
60	2	1	243	736979	1
189	3	0	53	736979	1
49	4	3	73	736979	1
11	0	2	37	736979	1
55	2	0	165	736979	1
222	1	4	149	736979	1
44	1	0	150	736979	2.5
87	3	0	224	736979	2.5
235	1	1	88	736979	2.5
62	4	0	196	736979	2.5
8	4	1	160	736979	2.5
70	4	1	79	736979	2.5
43	3	0	232	736979	2.5
181	4	2	246	736979	1
120	0	5	66	736979	2.5
22	0	6	10	736979	2.5
200	3	0	110	736979	2.5
30	12	0	211	736979	2.5
92	0	2	65	736979	2.5
104	3	0	6	736980	3
76	1	2	197	736980	3
198	0	0	67	736980	3
174	1	0	77	736980	3
39	2	1	54	736980	3
139	1	1	50	736980	3
90	3	0	7	736980	3
14	0	1	91	736980	3
147	4	1	143	736980	3
202	0	0	122	736980	1
162	0	3	33	736980	1
177	1	1	84	736980	1
244	2	0	59	736980	1
100	0	1	148	736980	2.5
173	4	0	142	736980	2.5
191	0	1	156	736980	2.5
119	0	8	97	736980	2.5
227	5	0	121	736980	2.5
71	3	0	26	736980	2.5
190	0	1	130	736981	3
204	2	0	189	736981	3
129	2	0	4	736981	3
201	0	0	218	736981	3
144	1	4	167	736981	3
114	1	1	135	736981	3
21	1	1	153	736981	3
75	1	3	192	736981	1
228	1	0	237	736981	1
101	2	1	250	736981	2.5
211	0	10	209	736981	2.5
34	0	6	131	736981	2.5
166	1	0	28	736981	2.5
171	6	0	9	736981	2.5
128	1	2	226	736982	3
78	2	3	124	736982	3
35	2	0	127	736982	3
81	3	3	107	736982	3
85	2	0	93	736982	3
145	3	0	210	736982	3
32	0	0	164	736982	3
64	2	1	134	736982	1
136	0	4	18	736982	1
11	1	1	126	736982	1
86	2	1	6	736983	3
241	1	0	197	736983	3
198	0	1	182	736983	3
174	1	0	39	736983	3
77	1	1	54	736983	3
50	4	0	7	736983	3
139	0	3	90	736983	3
14	4	0	147	736983	3
91	2	1	143	736983	3
23	4	1	162	736983	1
27	1	1	104	736983	1
45	1	2	55	736983	1
202	2	0	219	736983	1
56	3	1	63	736983	1
67	2	0	19	736983	1
123	1	1	106	736983	1
125	2	1	33	736983	1
132	4	3	243	736983	2.5
60	2	2	184	736983	1
137	1	4	165	736983	1
149	0	1	195	736983	1
161	0	1	53	736983	1
177	0	0	73	736983	1
225	1	1	76	736983	1
72	0	2	246	736983	1
80	1	1	189	736983	1
244	2	0	49	736983	1
148	1	0	100	736983	2.5
150	0	0	44	736983	2.5
41	1	1	152	736983	2.5
29	1	0	12	736983	2.5
215	0	0	3	736983	2.5
141	2	1	58	736983	2.5
196	0	0	62	736983	2.5
160	1	0	8	736983	2.5
79	0	2	70	736983	2.5
232	2	0	43	736983	2.5
13	0	1	37	736983	2.5
156	4	0	121	736983	2.5
46	5	0	69	736983	2.5
94	0	0	17	736983	2.5
208	1	2	102	736983	2.5
188	2	1	249	736988	1
149	3	0	151	737001	1
45	0	1	149	737006	2.5
137	0	3	247	737006	2.5
55	1	0	123	737007	2.5
228	7	0	234	737007	2.5
59	4	1	165	737009	2.5
230	1	2	106	737009	2.5
162	4	1	45	737010	2.5
149	3	1	137	737010	2.5
123	3	1	234	737011	2.5
84	1	0	55	737011	2.5
230	2	1	165	737011	2.5
106	0	0	59	737011	2.5
226	0	1	49	737012	1
245	0	1	175	737012	1
27	2	0	128	737013	3
64	3	2	78	737013	3
19	0	0	35	737013	3
107	2	0	81	737013	3
93	1	0	85	737013	3
7	1	1	90	737013	3
50	1	1	139	737013	3
145	0	2	32	737013	3
210	0	1	164	737013	3
124	3	0	80	737013	1
6	3	0	204	737013	1
125	1	0	237	737013	1
129	7	0	96	737013	1
189	0	2	73	737013	1
190	0	1	197	737013	1
198	0	0	127	737013	1
244	0	0	140	737013	1
104	2	0	86	737014	3
76	4	1	241	737014	3
182	1	2	67	737014	3
77	1	1	174	737014	3
54	1	1	39	737014	3
91	2	6	14	737014	3
143	0	2	147	737014	3
13	2	0	161	737014	1
37	1	0	243	737014	1
53	2	3	63	737014	1
105	1	0	184	737014	1
132	1	1	246	737014	2.5
177	1	1	219	737014	1
183	2	1	186	737014	1
11	1	0	108	737014	1
72	0	0	33	737014	1
137	1	3	162	737014	2.5
247	2	0	149	737014	2.5
155	2	0	44	737014	2.5
224	2	5	41	737014	2.5
70	3	2	238	737014	2.5
230	0	2	59	737014	2.5
165	1	5	106	737014	2.5
92	5	2	211	737014	2.5
30	1	0	71	737014	2.5
17	0	2	166	737014	2.5
28	1	0	191	737014	2.5
130	0	0	192	737015	3
189	0	1	225	737015	3
4	0	4	75	737015	3
218	2	1	167	737015	3
201	3	0	144	737015	3
153	0	5	135	737015	3
21	2	0	114	737015	3
18	1	1	60	737015	1
134	2	1	122	737015	1
245	2	2	175	737015	1
228	4	2	123	737015	2.5
234	2	3	84	737015	2.5
100	0	1	216	737015	2.5
88	3	1	29	737015	2.5
215	1	8	142	737015	2.5
169	0	0	101	737015	2.5
242	1	0	43	737015	2.5
65	1	0	200	737015	2.5
131	2	1	227	737015	2.5
110	0	0	208	737015	2.5
171	0	2	102	737015	2.5
226	5	2	27	737016	3
124	2	1	64	737016	3
127	1	2	19	737016	3
93	0	1	81	737016	3
107	2	0	85	737016	3
210	0	2	32	737016	3
164	1	1	145	737016	3
78	1	0	35	737016	1
82	0	2	89	737016	2.5
58	1	1	199	737016	2.5
99	1	1	62	737016	2.5
8	2	1	40	737016	2.5
249	5	4	193	737016	1
119	3	2	213	737016	2.5
22	1	1	9	737016	2.5
26	3	0	120	737016	2.5
209	0	1	46	737016	2.5
6	2	2	104	737017	3
197	1	0	76	737017	3
67	0	0	198	737017	3
39	1	1	77	737017	3
54	0	2	174	737017	3
7	0	0	139	737017	3
90	2	1	50	737017	3
147	4	0	91	737017	3
143	2	2	14	737017	3
128	2	2	49	737017	1
177	2	1	23	737017	1
66	6	0	94	737017	2.5
156	4	2	10	737017	2.5
192	1	1	190	737018	3
225	2	0	204	737018	3
75	3	2	129	737018	3
167	0	1	201	737018	3
218	4	1	144	737018	3
135	4	0	21	737018	3
153	1	1	114	737018	3
4	1	0	182	737018	1
13	2	0	161	737018	1
18	3	0	140	737018	1
37	1	0	44	737018	1
53	4	1	105	737018	1
202	1	1	183	737018	1
71	1	0	102	737018	1
86	1	0	243	737018	1
125	1	1	246	737018	1
126	0	0	33	737018	1
130	1	0	80	737018	1
132	4	0	195	737018	2.5
134	1	1	11	737018	1
60	4	0	244	737018	1
136	1	2	219	737018	1
173	0	0	242	737018	1
184	1	2	73	737018	1
189	2	3	63	737018	1
3	1	1	187	737018	1
238	0	1	155	737018	1
189	0	0	241	737018	1
72	2	0	108	737018	1
162	0	0	247	737018	2.5
45	3	1	137	737018	2.5
211	0	2	69	737018	2.5
98	2	1	97	737018	2.5
84	1	1	228	737019	2.5
55	6	1	234	737019	2.5
247	3	0	45	737022	2.5
149	3	0	162	737022	2.5
123	0	0	84	737023	2.5
228	3	0	55	737023	2.5
149	0	0	228	737029	2.5
84	1	2	247	737030	2.5
228	2	2	149	737033	2.5
247	2	1	84	737034	2.5
149	2	2	247	737039	2.5
177	2	1	231	737041	1
247	1	0	149	737043	2.5
177	1	0	231	737044	1
183	2	0	186	737044	1
23	5	0	231	737048	1
134	0	1	195	737048	1
49	2	0	134	737051	1
126	2	1	202	737052	1
183	1	1	125	737052	1
2	0	2	239	737053	1
49	1	0	195	737053	1
247	1	1	59	737053	1
23	1	0	140	737055	1
122	0	0	177	737055	1
49	0	1	12	737055	1
202	1	1	134	737056	1
126	1	0	183	737056	1
72	0	2	136	737056	1
23	4	0	59	737057	1
18	5	0	177	737058	1
108	0	1	219	737058	1
60	0	0	11	737059	1
195	2	1	183	737059	1
84	2	4	247	737059	1
49	1	2	125	737059	1
177	2	0	228	737061	1
72	1	1	23	737064	3
228	1	4	122	737065	3
18	0	1	134	737065	3
219	0	0	183	737065	3
202	2	1	195	737066	3
60	1	0	84	737066	3
125	5	0	108	737066	3
85	1	0	225	737067	1
126	3	2	247	737067	3
11	4	0	59	737067	3
49	2	0	140	737068	3
132	3	2	239	737068	3
244	2	1	177	737068	3
23	0	1	228	737069	3
134	2	0	219	737069	3
72	2	0	122	737069	3
81	2	1	85	737070	1
128	2	2	225	737070	1
183	0	3	18	737070	3
84	0	3	202	737070	3
195	0	1	60	737070	3
247	0	2	125	737071	3
108	0	3	126	737071	3
140	0	2	11	737071	3
59	0	6	49	737072	3
177	0	1	132	737072	3
239	0	4	244	737072	3
122	0	1	23	737073	3
72	1	1	228	737073	3
81	0	0	128	737074	1
18	3	2	219	737074	3
183	0	0	134	737074	3
60	2	0	202	737075	3
195	3	1	84	737075	3
125	0	0	126	737075	3
247	2	0	108	737075	3
140	4	1	59	737076	3
11	0	2	49	737076	3
132	2	1	244	737076	3
177	3	1	239	737076	3
125	2	0	177	737079	3
134	1	1	247	737079	3
228	1	2	202	737079	3
18	0	0	244	737080	3
132	1	0	11	737080	3
72	3	2	195	737080	3
60	2	1	23	737081	3
49	1	0	126	737081	3
202	0	3	125	737083	3
247	0	1	132	737083	3
60	0	1	49	737084	3
72	1	0	18	737084	3
80	3	0	184	737086	1
125	0	3	132	737087	3
72	0	4	49	737088	3
132	1	3	49	737091	3
80	2	0	63	737092	1
50	1	0	164	737111	1
65	5	0	30	737117	1
33	2	2	171	737121	1
26	3	0	92	737122	1
71	3	1	96	737124	1
45	0	1	24	737127	1
22	6	1	119	737134	1
83	3	0	175	737136	1
117	3	1	245	737136	1
162	0	0	230	737137	1
6	1	1	218	737138	1
182	1	0	237	737138	1
135	2	2	67	737139	1
136	0	0	170	737139	1
159	3	1	175	737139	1
72	2	1	11	737139	1
80	1	0	73	737139	1
127	2	0	81	737139	2.5
104	4	0	32	737139	2.5
64	2	1	21	737139	2.5
76	2	0	107	737139	2.5
19	0	1	190	737139	2.5
147	3	1	139	737139	2.5
129	1	1	77	737139	2.5
54	5	0	210	737139	2.5
27	3	1	204	737139	2.5
50	3	0	75	737139	2.5
121	2	2	119	737139	2.5
13	1	3	246	737140	1
96	1	0	63	737140	1
132	0	1	56	737140	2.5
60	1	0	33	737140	1
161	3	1	53	737140	1
189	1	0	187	737140	1
39	1	1	167	737140	2.5
124	5	0	197	737140	2.5
192	0	0	241	737140	2.5
145	2	1	144	737140	2.5
4	0	2	189	737140	2.5
7	0	2	128	737140	2.5
164	1	4	86	737140	2.5
36	0	1	8	737140	2.5
9	0	3	120	737140	2.5
213	2	1	34	737140	2.5
110	1	2	166	737140	2.5
208	3	2	17	737140	2.5
37	1	1	184	737141	1
149	2	1	2	737141	1
177	1	1	55	737141	1
90	0	2	226	737141	2.5
91	0	1	198	737141	2.5
153	2	1	114	737141	2.5
225	2	1	201	737141	2.5
78	2	1	174	737141	2.5
35	2	1	14	737141	2.5
130	2	0	85	737141	2.5
143	0	2	93	737141	2.5
216	2	0	148	737141	2.5
44	3	0	57	737141	2.5
152	3	0	224	737141	2.5
89	1	0	194	737141	2.5
172	1	1	70	737141	2.5
250	4	1	169	737141	2.5
69	4	0	22	737141	2.5
211	4	3	211	737141	2.5
10	2	1	66	737141	2.5
97	2	1	28	737141	2.5
227	2	0	209	737141	2.5
94	0	1	156	737141	2.5
230	0	1	117	737142	1
83	1	0	159	737142	1
127	2	1	32	737142	2.5
104	2	3	6	737142	2.5
182	1	0	76	737142	2.5
107	2	1	64	737142	2.5
129	4	2	19	737142	2.5
190	2	0	139	737142	2.5
77	1	1	147	737142	2.5
210	0	2	75	737142	2.5
50	0	4	204	737142	2.5
54	0	2	27	737142	2.5
29	2	1	235	737142	2.5
142	1	2	3	737142	2.5
251	2	0	58	737142	2.5
196	0	0	99	737142	2.5
232	3	0	242	737142	2.5
121	1	2	34	737142	2.5
191	0	2	92	737142	2.5
46	4	1	98	737142	2.5
200	1	3	30	737142	2.5
102	2	1	65	737142	2.5
26	0	1	171	737142	2.5
71	2	0	131	737142	2.5
48	2	1	246	737143	1
21	0	0	144	737143	1
136	1	0	170	737143	1
162	0	2	123	737143	1
11	3	2	100	737143	1
135	1	1	39	737143	2.5
167	1	5	124	737143	2.5
192	1	1	218	737143	2.5
145	1	2	241	737143	2.5
189	4	0	164	737143	2.5
7	0	3	4	737143	2.5
86	4	0	128	737143	2.5
12	1	0	238	737144	1
63	1	0	131	737144	1
197	1	3	37	737144	1
89	3	1	160	737144	1
91	0	1	81	737144	1
105	0	0	73	737144	1
62	1	0	141	737144	1
132	0	1	33	737144	2.5
60	2	1	56	737144	1
155	0	1	13	737144	1
171	0	1	96	737144	1
173	1	0	70	737144	1
187	2	4	161	737144	1
189	0	2	71	737144	1
216	2	1	152	737144	1
72	0	0	219	737144	1
80	1	1	53	737144	1
198	1	0	90	737144	2.5
226	3	3	67	737144	2.5
153	0	2	78	737144	2.5
174	3	3	225	737144	2.5
201	4	1	114	737144	2.5
35	2	2	93	737144	2.5
130	6	0	143	737144	2.5
14	0	2	85	737144	2.5
36	2	0	215	737169	2.5
79	0	0	150	737169	2.5
249	6	2	221	737183	1
150	1	1	79	737190	2.5
215	1	3	36	737190	2.5
79	2	2	159	737204	2.5
61	5	0	25	737204	1
47	6	3	111	737204	1
163	1	2	169	737205	2.5
150	3	0	215	737205	2.5
79	2	2	57	737206	2.5
215	0	0	163	737207	2.5
169	1	2	150	737207	2.5
137	2	1	222	737207	1
57	2	1	159	737208	2.5
184	0	0	181	737208	1
163	1	1	150	737209	2.5
169	3	0	215	737209	2.5
189	2	1	93	737209	1
137	2	2	222	737210	1
138	0	0	242	737211	2.5
251	2	0	57	737211	2.5
246	1	1	73	737211	1
249	1	0	188	737211	2.5
3	2	2	36	737212	2.5
250	2	2	150	737212	2.5
71	1	0	102	737212	1
86	2	0	33	737212	1
145	3	3	148	737212	1
149	2	0	170	737212	1
189	0	0	244	737212	1
1	3	1	52	737212	2.5
16	3	2	214	737212	2.5
180	4	0	233	737212	2.5
15	1	2	179	737212	2.5
188	9	2	111	737212	2.5
56	3	0	184	737213	1
245	2	0	229	737213	1
16	1	4	52	737213	2.5
214	0	1	1	737213	2.5
233	0	5	15	737213	2.5
179	2	1	180	737213	2.5
57	1	2	150	737214	2.5
16	1	1	1	737214	2.5
52	4	0	214	737214	2.5
179	2	2	233	737214	2.5
180	1	1	15	737214	2.5
3	1	1	242	737214	2.5
138	1	2	36	737215	2.5
251	0	0	250	737215	2.5
37	2	0	49	737215	1
132	0	0	237	737215	2.5
161	3	1	246	737215	1
187	1	1	105	737215	1
189	1	0	63	737215	1
80	0	1	131	737215	1
192	3	1	226	737215	3
30	1	0	97	737216	1
53	2	1	102	737216	1
230	1	1	170	737216	1
125	5	0	219	737216	1
76	5	1	134	737216	1
231	1	1	2	737216	1
124	1	3	104	737216	3
1	1	1	15	737216	2.5
179	0	0	52	737216	2.5
180	4	0	214	737216	2.5
16	2	1	233	737216	2.5
42	1	0	95	737216	3
45	2	0	186	737216	3
137	0	1	24	737216	3
146	1	0	222	737216	3
165	2	0	38	737216	3
197	2	1	39	737217	2.5
167	1	1	135	737217	2.5
144	1	1	145	737217	2.5
241	5	0	218	737217	2.5
90	3	0	91	737217	2.5
67	1	1	198	737217	2.5
114	1	4	78	737217	2.5
174	2	2	201	737217	2.5
225	3	0	153	737217	2.5
19	1	0	77	737217	2.5
147	0	1	190	737217	2.5
139	0	3	129	737217	2.5
138	2	2	251	737217	2.5
3	0	0	150	737217	2.5
13	5	1	171	737217	1
202	2	0	84	737217	1
83	1	1	229	737217	1
62	3	1	57	737217	1
194	1	0	148	737217	1
60	1	0	18	737217	1
238	2	0	126	737217	1
243	3	0	184	737217	1
244	4	0	59	737217	1
149	7	1	234	737217	3
81	1	2	127	737218	2.5
32	0	2	6	737218	2.5
64	2	1	182	737218	2.5
21	1	3	107	737218	2.5
128	1	0	4	737218	2.5
164	1	0	7	737218	2.5
189	2	0	86	737218	2.5
204	9	0	210	737218	2.5
75	2	1	54	737218	2.5
27	3	0	50	737218	2.5
85	2	0	35	737218	2.5
14	3	0	143	737218	2.5
93	0	3	130	737218	2.5
36	0	1	250	737218	2.5
8	2	0	101	737218	1
173	0	0	251	737218	1
55	4	3	117	737218	1
1	0	0	52	737218	2.5
214	3	2	233	737218	2.5
16	2	0	180	737218	2.5
37	7	0	105	737219	1
44	2	1	250	737219	1
199	0	0	40	737219	1
132	2	0	71	737219	2.5
161	3	2	73	737219	1
187	2	0	96	737219	1
189	0	3	56	737219	1
239	0	0	242	737219	1
80	0	3	246	737219	1
226	0	0	124	737219	3
192	1	0	104	737219	3
15	0	1	179	737219	2.5
197	3	0	167	737220	2.5
39	2	3	135	737220	2.5
218	4	1	144	737220	2.5
241	1	0	145	737220	2.5
198	2	0	91	737220	2.5
67	5	1	90	737220	2.5
114	0	2	174	737220	2.5
153	0	4	201	737220	2.5
78	3	0	225	737220	2.5
147	1	4	19	737220	2.5
190	4	0	129	737220	2.5
139	0	5	77	737220	2.5
245	0	0	83	737220	1
6	8	0	81	737221	2.5
32	0	1	127	737221	2.5
21	1	5	76	737221	2.5
107	1	0	182	737221	2.5
128	2	1	189	737221	2.5
4	2	0	164	737221	2.5
7	0	4	86	737221	2.5
50	4	0	210	737221	2.5
27	3	0	75	737221	2.5
204	1	0	54	737221	2.5
130	2	1	35	737221	2.5
143	0	2	85	737221	2.5
93	2	3	14	737221	2.5
12	1	1	41	737221	1
29	1	0	99	737221	1
202	1	0	231	737221	1
64	1	2	238	737221	1
106	0	2	230	737221	1
134	4	1	123	737221	1
60	1	1	125	737221	1
195	2	2	183	737221	1
55	1	2	162	737221	1
244	2	0	219	737221	1
24	0	0	137	737221	3
38	2	1	165	737221	3
95	5	0	42	737221	3
186	1	2	45	737221	3
222	3	0	146	737221	3
149	5	1	234	737221	3
155	0	1	88	737222	1
248	7	2	207	737222	1
70	1	0	232	737223	1
44	1	1	152	737224	1
148	1	3	160	737224	1
37	3	0	33	737224	3
246	0	0	189	737225	3
13	0	2	56	737225	3
46	4	0	156	737225	2.5
161	7	0	65	737225	2.5
89	0	0	3	737225	1
123	6	0	245	737225	1
62	0	1	242	737225	1
194	1	1	199	737225	1
232	1	1	251	737225	1
133	5	0	178	737226	2.5
248	2	1	116	737226	2.5
5	2	4	103	737226	2.5
207	1	6	118	737226	2.5
187	2	2	49	737226	3
243	4	0	73	737226	3
102	2	1	30	737226	2.5
63	4	0	171	737226	2.5
12	3	2	152	737226	1
70	3	1	99	737226	1
155	2	3	250	737226	1
216	1	0	173	737226	1
248	3	1	178	737227	2.5
133	7	0	116	737227	2.5
109	7	1	103	737227	2.5
113	2	1	118	737227	2.5
132	0	4	53	737227	3
66	0	1	71	737227	2.5
131	3	2	105	737227	2.5
238	2	1	41	737227	1
248	1	0	133	737228	2.5
116	1	2	178	737228	2.5
109	6	1	5	737228	2.5
113	9	0	207	737228	2.5
33	1	3	189	737228	3
37	0	0	246	737228	3
184	2	0	237	737228	2.5
80	4	0	97	737228	2.5
29	3	1	160	737228	1
56	1	0	49	737229	3
13	1	1	187	737229	3
65	0	3	156	737229	2.5
161	3	1	46	737229	2.5
62	4	1	250	737229	1
116	2	1	207	737230	2.5
178	1	2	5	737230	2.5
133	3	1	103	737230	2.5
248	2	1	118	737230	2.5
109	2	3	113	737230	2.5
243	2	2	132	737230	3
171	0	2	102	737230	2.5
63	2	1	30	737230	2.5
118	0	5	109	737231	2.5
248	2	1	113	737231	2.5
70	1	0	251	737231	3
73	1	2	53	737231	3
71	0	0	131	737231	2.5
105	0	1	66	737231	2.5
199	0	2	242	737232	3
173	1	0	41	737232	3
99	2	2	148	737232	3
33	1	3	246	737232	3
97	2	4	184	737232	2.5
80	6	0	237	737232	2.5
37	5	0	189	737232	3
216	2	0	232	737233	3
12	2	0	194	737233	3
155	1	0	169	737233	3
56	1	0	187	737233	3
49	0	2	13	737233	3
46	7	0	65	737233	2.5
156	2	3	161	737233	2.5
62	1	0	3	737234	3
238	1	1	8	737234	3
152	4	1	160	737234	3
53	0	1	243	737234	3
73	1	1	132	737234	3
30	2	0	171	737234	2.5
102	2	1	63	737234	2.5
44	2	0	101	737235	3
89	2	2	29	737235	3
131	1	1	66	737235	2.5
105	4	0	71	737235	2.5
242	1	1	251	737236	3
70	2	0	199	737236	3
173	1	0	99	737236	3
237	1	1	97	737236	2.5
80	1	0	184	737236	2.5
148	1	0	41	737237	3
216	0	1	12	737237	3
194	3	2	232	737237	3
37	0	0	187	737237	3
155	1	0	62	737238	3
3	1	0	169	737238	3
238	1	1	152	737238	3
56	0	0	53	737238	3
246	0	2	13	737238	3
160	0	0	8	737239	3
44	0	0	89	737239	3
29	0	0	101	737239	3
243	0	0	189	737239	3
102	3	2	46	737239	2.5
161	1	1	63	737239	2.5
70	2	0	242	737240	3
251	0	4	199	737240	3
41	0	2	99	737240	3
148	2	0	173	737240	3
131	1	0	184	737240	2.5
80	1	0	66	737240	2.5
194	0	3	216	737241	3
232	0	3	12	737241	3
169	1	4	62	737241	3
3	0	1	155	737241	3
8	0	1	152	737242	3
160	0	0	238	737242	3
29	0	0	44	737242	3
101	0	2	89	737242	3
37	2	0	13	737242	3
102	0	1	161	737242	2.5
53	0	3	189	737243	3
80	3	1	131	737243	2.5
155	1	1	29	737245	3
242	0	1	216	737245	3
70	0	1	3	737246	3
173	3	2	44	737246	3
13	2	1	53	737246	3
12	3	0	99	737247	3
148	2	2	199	737247	3
37	3	1	189	737247	3
80	0	1	161	737247	2.5
122	2	4	231	737247	2.5
89	1	1	238	737248	3
152	0	1	62	737248	3
205	0	6	185	737248	2.5
206	0	5	175	737248	2.5
240	0	13	117	737248	2.5
229	1	2	83	737248	2.5
219	5	2	59	737248	2.5
173	2	1	3	737250	3
216	1	0	29	737250	3
185	2	0	245	737250	2.5
240	0	7	229	737250	2.5
206	0	9	83	737250	2.5
117	0	2	175	737250	2.5
231	2	0	219	737250	2.5
62	1	1	12	737251	3
148	0	3	238	737251	3
205	2	0	236	737252	2.5
206	1	1	240	737252	2.5
117	0	3	229	737252	2.5
175	1	0	83	737252	2.5
122	2	5	59	737253	2.5
12	2	1	173	737254	3
216	1	0	238	737254	3
236	0	14	245	737255	2.5
83	10	1	240	737255	2.5
117	13	0	206	737255	2.5
229	0	3	175	737255	2.5
59	1	0	231	737255	2.5
122	1	1	219	737256	2.5
238	0	1	173	737257	3
185	8	0	236	737258	2.5
205	0	11	245	737258	2.5
175	11	0	240	737258	2.5
206	8	1	229	737258	2.5
83	4	4	117	737258	2.5
216	0	1	12	737259	3
231	0	1	59	737259	2.5
185	1	1	83	737260	2.5
100	1	1	141	737261	1
68	0	1	82	737266	2.5
36	0	0	250	737266	2.5
57	0	2	169	737266	2.5
41	2	0	224	737267	2.5
220	1	3	242	737267	2.5
43	0	0	160	737267	2.5
101	0	4	152	737267	2.5
51	3	3	100	737268	2.5
232	0	0	194	737268	2.5
138	3	2	3	737268	2.5
148	1	0	163	737268	2.5
79	1	1	8	737268	2.5
141	1	0	216	737268	2.5
29	0	0	235	737268	2.5
159	0	4	251	737269	2.5
242	4	1	220	737274	2.5
8	1	1	79	737274	2.5
250	3	2	36	737274	2.5
160	2	1	43	737274	2.5
216	3	0	141	737274	2.5
100	2	1	51	737275	2.5
82	4	3	68	737275	2.5
194	0	0	232	737275	2.5
224	1	2	41	737275	2.5
163	3	2	148	737275	2.5
169	0	0	57	737275	2.5
3	0	3	138	737275	2.5
251	3	1	159	737275	2.5
152	3	0	101	737275	2.5
235	1	0	29	737275	2.5
213	1	0	237	737282	1
200	0	0	96	737285	1
209	4	3	10	737298	1
28	1	1	213	737299	1
230	3	0	95	737299	1
72	4	0	200	737300	1
28	1	0	213	737301	1
202	4	1	162	737301	1
149	0	1	134	737301	1
72	5	1	222	737302	1
142	0	1	40	737306	1
41	1	1	232	737306	3
68	2	1	79	737306	3
74	1	2	169	737306	3
82	0	0	138	737306	3
141	3	1	217	737306	3
159	0	1	163	737306	3
212	0	1	101	737306	3
224	1	1	100	737306	3
13	0	0	53	737307	1
105	4	0	191	737307	1
60	2	2	90	737307	1
167	2	1	107	737307	1
127	1	0	145	737307	1
189	0	1	73	737307	1
11	1	1	152	737307	1
198	1	1	226	737307	2.5
91	0	6	67	737307	2.5
114	0	4	225	737307	2.5
174	2	0	153	737307	2.5
201	1	2	78	737307	2.5
129	1	1	147	737307	2.5
14	1	3	130	737307	2.5
35	5	0	143	737307	2.5
85	1	0	93	737307	2.5
132	2	0	187	737307	2.5
30	1	4	184	737307	3
92	2	1	209	737307	3
98	3	0	28	737307	3
69	1	2	227	737307	3
120	0	2	110	737307	3
26	4	0	211	737307	3
96	10	0	9	737307	3
95	0	1	151	737307	3
84	2	5	219	737307	3
230	1	2	134	737307	3
136	7	0	170	737307	3
45	1	1	106	737307	3
23	1	1	126	737307	3
183	2	0	244	737307	3
55	2	2	108	737307	3
122	1	2	177	737307	3
49	6	0	2	737307	3
165	1	0	162	737307	3
231	1	0	195	737307	3
228	0	0	247	737307	3
123	2	3	149	737307	3
59	2	0	140	737307	3
222	0	2	239	737307	3
51	1	3	223	737307	3
215	0	3	203	737307	3
220	1	0	251	737307	3
37	2	2	56	737308	1
63	1	2	243	737308	1
62	1	2	29	737308	1
155	1	1	40	737308	1
238	1	0	160	737308	1
80	0	3	161	737308	1
81	1	2	32	737308	2.5
6	2	4	104	737308	2.5
182	2	1	21	737308	2.5
76	0	4	64	737308	2.5
19	6	0	139	737308	2.5
77	2	0	190	737308	2.5
54	1	1	50	737308	2.5
75	1	2	204	737308	2.5
210	0	4	27	737308	2.5
156	1	1	237	737308	3
17	0	1	97	737308	3
131	6	0	10	737308	3
171	1	1	213	737308	3
34	4	2	121	737308	3
57	1	1	235	737308	3
88	0	1	8	737308	3
142	2	0	172	737309	1
135	2	1	197	737309	2.5
124	4	0	39	737309	2.5
144	0	3	241	737309	2.5
218	2	4	192	737309	2.5
128	3	0	164	737309	2.5
86	4	1	4	737309	2.5
189	1	0	7	737309	2.5
46	6	0	65	737309	3
66	1	0	102	737309	3
166	2	1	200	737309	3
71	3	0	208	737309	3
94	5	1	211	737309	3
36	0	0	150	737309	3
194	1	1	242	737310	1
226	4	0	91	737310	2.5
90	0	0	67	737310	2.5
201	1	0	153	737310	2.5
78	4	0	114	737310	2.5
225	1	1	174	737310	2.5
14	4	2	35	737310	2.5
85	1	2	130	737310	2.5
93	1	1	143	737310	2.5
184	0	2	30	737310	3
28	1	2	92	737310	3
209	2	2	98	737310	3
213	1	0	69	737310	3
227	6	0	171	737310	3
211	1	2	120	737310	3
110	3	2	26	737310	3
100	1	0	224	737310	3
138	1	1	82	737310	3
217	1	0	141	737310	3
232	1	1	41	737310	3
12	1	0	29	737311	1
126	0	0	244	737311	1
182	1	0	32	737311	1
127	0	2	6	737311	2.5
81	0	4	104	737311	2.5
21	1	1	64	737311	2.5
107	1	2	76	737311	2.5
190	0	0	19	737311	2.5
77	3	2	129	737311	2.5
139	0	2	147	737311	2.5
75	0	4	27	737311	2.5
204	1	0	50	737311	2.5
210	0	4	54	737311	2.5
237	2	2	156	737311	3
10	2	1	17	737311	3
97	0	4	131	737311	3
22	2	1	34	737311	3
13	4	0	161	737312	1
37	0	1	189	737312	1
56	0	0	246	737312	1
73	3	0	33	737312	1
105	2	1	53	737312	1
62	2	1	238	737312	1
134	2	4	187	737312	1
155	1	0	172	737312	1
177	1	0	140	737312	1
198	3	1	39	737312	1
241	2	2	173	737312	1
80	1	1	243	737312	1
124	5	3	135	737312	2.5
167	0	3	197	737312	2.5
145	1	3	218	737312	2.5
144	1	5	192	737312	2.5
4	4	2	128	737312	2.5
86	3	0	7	737312	2.5
164	0	4	189	737312	2.5
65	0	1	46	737312	3
102	1	1	66	737312	3
166	1	1	208	737312	3
200	1	0	71	737312	3
191	0	5	96	737312	3
119	0	3	94	737312	3
95	1	4	84	737312	3
151	0	5	202	737312	3
136	0	3	18	737312	3
230	0	2	170	737312	3
45	0	1	23	737312	3
106	0	2	125	737312	3
108	2	2	11	737312	3
55	2	1	183	737312	3
2	1	0	24	737312	3
49	0	0	122	737312	3
165	0	1	231	737312	3
162	0	2	132	737312	3
123	0	3	228	737312	3
149	1	2	72	737312	3
239	0	2	60	737312	3
222	0	1	59	737312	3
8	2	1	88	737312	3
101	2	1	212	737312	3
150	1	0	36	737312	3
163	2	0	159	737312	3
169	2	0	74	737312	3
203	7	0	215	737312	3
223	0	0	51	737312	3
79	0	0	68	737312	3
235	2	0	57	737312	3
251	3	1	220	737312	3
199	2	3	203	737320	1
41	0	3	242	737323	2.5
12	0	0	155	737323	2.5
238	1	0	142	737323	2.5
160	0	0	152	737323	2.5
216	1	0	99	737323	2.5
196	0	2	199	737324	2.5
100	2	2	58	737324	2.5
82	0	1	203	737324	2.5
232	0	1	223	737324	2.5
148	1	0	169	737324	2.5
79	0	1	250	737324	2.5
251	3	1	138	737324	2.5
89	0	1	40	737324	2.5
172	2	0	62	737324	2.5
235	4	1	173	737324	2.5
24	4	1	42	737331	1
36	0	0	141	737332	1
161	2	0	237	737334	1
24	2	0	42	737335	1
134	0	0	55	737337	1
149	6	0	222	737337	1
68	1	1	88	737341	2.5
141	1	0	51	737341	2.5
159	1	3	212	737341	2.5
224	2	1	215	737341	2.5
23	2	3	21	737341	1
6	2	2	13	737341	1
32	0	0	81	737342	2.5
104	3	1	127	737342	2.5
64	3	0	107	737342	2.5
76	1	1	182	737342	2.5
19	3	1	129	737342	2.5
147	2	1	77	737342	2.5
139	0	3	190	737342	2.5
50	1	2	54	737342	2.5
27	9	0	210	737342	2.5
204	4	0	75	737342	2.5
12	1	1	199	737342	1
37	1	1	216	737342	1
43	2	1	235	737342	1
87	1	0	40	737342	1
135	1	0	91	737342	1
172	1	1	250	737342	1
218	1	0	187	737342	1
228	1	1	58	737342	1
246	4	1	33	737342	1
237	0	2	105	737342	3
102	1	1	63	737342	3
28	0	4	209	737342	3
98	0	0	92	737342	3
121	0	4	22	737342	3
211	2	5	119	737342	3
219	2	1	151	737342	3
202	7	0	95	737342	3
134	0	0	136	737342	3
18	5	0	170	737342	3
125	14	0	45	737342	3
126	2	0	106	737342	3
244	5	0	108	737342	3
11	3	0	55	737342	3
24	0	2	49	737342	3
177	3	0	2	737342	3
132	6	0	165	737342	3
195	7	0	162	737342	3
72	5	0	123	737342	3
247	1	0	149	737342	3
140	2	1	239	737342	3
60	8	0	222	737342	3
197	2	1	124	737343	2.5
167	0	0	39	737343	2.5
192	3	0	145	737343	2.5
241	2	0	144	737343	2.5
128	0	1	86	737343	2.5
7	1	0	164	737343	2.5
189	1	0	4	737343	2.5
155	1	1	142	737343	1
243	1	0	189	737343	1
80	7	0	65	737343	3
30	1	5	161	737343	3
10	2	1	97	737343	3
213	2	2	227	737343	3
171	3	1	69	737343	3
90	0	0	198	737344	2.5
67	1	0	226	737344	2.5
114	0	3	201	737344	2.5
153	0	4	225	737344	2.5
174	1	1	78	737344	2.5
35	4	1	85	737344	2.5
130	2	0	93	737344	2.5
143	1	1	14	737344	2.5
56	0	0	53	737344	1
99	0	1	57	737344	1
62	3	1	199	737344	1
238	0	0	44	737344	1
200	3	0	208	737344	3
166	0	2	71	737344	3
131	2	0	17	737344	3
26	1	0	120	737344	3
211	3	0	110	737344	3
9	0	5	96	737344	3
32	1	2	104	737345	2.5
81	0	3	6	737345	2.5
107	1	0	21	737345	2.5
182	1	1	64	737345	2.5
190	2	0	147	737345	2.5
77	0	1	19	737345	2.5
75	6	0	210	737345	2.5
54	0	5	204	737345	2.5
50	0	2	27	737345	2.5
88	1	1	68	737345	2.5
51	1	0	141	737345	2.5
212	2	1	159	737345	2.5
215	0	1	224	737345	2.5
29	2	2	250	737345	1
37	1	1	173	737345	1
73	1	6	13	737345	1
100	1	1	235	737345	1
82	0	1	242	737345	1
194	0	1	163	737345	1
138	1	1	150	737345	1
172	0	2	196	737345	1
76	1	1	187	737345	1
3	2	1	152	737345	1
105	1	0	156	737345	3
63	0	0	66	737345	3
209	0	1	28	737345	3
92	1	0	98	737345	3
121	3	4	34	737345	3
135	2	0	167	737346	2.5
39	0	6	124	737346	2.5
144	1	2	218	737346	2.5
241	2	1	192	737346	2.5
128	2	0	7	737346	2.5
86	1	1	189	737346	2.5
164	0	4	4	737346	2.5
197	2	3	127	737346	1
70	1	0	36	737346	1
203	0	0	232	737346	1
246	2	0	237	737346	1
97	5	1	10	737346	3
69	0	4	171	737346	3
227	0	1	213	737346	3
211	1	2	94	737346	3
91	2	3	90	737347	2.5
226	2	0	198	737347	2.5
114	1	0	153	737347	2.5
225	1	1	78	737347	2.5
201	1	1	174	737347	2.5
129	3	1	139	737347	2.5
85	3	0	14	737347	2.5
143	0	5	130	737347	2.5
93	2	1	35	737347	2.5
12	3	0	56	737347	1
30	0	0	96	737347	1
33	3	1	102	737347	1
53	3	2	99	737347	1
67	4	0	145	737347	1
136	1	1	239	737347	1
160	0	0	142	737347	1
155	2	3	87	737347	1
189	1	1	243	737347	1
46	2	0	80	737347	3
161	3	1	184	737347	3
200	0	0	166	737347	3
208	0	2	71	737347	3
17	0	6	131	737347	3
110	1	0	211	737347	3
120	0	4	26	737347	3
9	2	3	191	737347	3
219	4	0	95	737347	3
84	0	0	202	737347	3
134	3	0	170	737347	3
230	1	7	18	737347	3
45	0	4	126	737347	3
23	1	0	125	737347	3
183	0	0	11	737347	3
55	1	3	244	737347	3
122	1	1	24	737347	3
49	2	1	177	737347	3
165	1	2	195	737347	3
231	0	3	132	737347	3
228	2	1	72	737347	3
123	1	3	247	737347	3
59	0	0	60	737347	3
222	0	3	140	737347	3
223	1	2	232	737350	2.5
203	1	1	82	737351	2.5
242	3	0	41	737351	2.5
155	3	0	12	737351	2.5
169	2	0	148	737351	2.5
250	2	2	79	737351	2.5
173	2	0	235	737351	2.5
58	1	0	100	737352	2.5
199	4	1	196	737352	2.5
142	1	2	238	737352	2.5
138	0	0	251	737352	2.5
99	1	0	216	737352	2.5
152	2	0	160	737352	2.5
40	0	0	89	737352	2.5
62	1	0	172	737352	2.5
70	1	0	141	737370	1
171	0	0	65	737370	1
149	1	0	231	737372	1
169	0	2	250	737372	1
244	3	1	195	737372	1
171	0	1	65	737373	1
237	15	0	9	737373	1
169	2	1	51	737376	2.5
150	1	0	224	737376	2.5
40	0	0	242	737376	2.5
223	4	0	212	737376	2.5
8	1	3	88	737376	2.5
196	2	0	41	737376	2.5
44	0	0	43	737376	2.5
101	3	0	79	737376	2.5
216	2	0	58	737376	2.5
173	2	1	29	737376	2.5
217	1	1	138	737376	2.5
152	2	2	99	737377	2.5
89	2	0	3	737377	2.5
199	0	0	87	737377	2.5
163	2	0	203	737377	2.5
70	1	1	194	737377	2.5
235	0	1	57	737377	2.5
12	5	0	250	737377	2.5
124	7	0	167	737377	2.5
197	2	1	135	737377	2.5
192	6	0	144	737377	2.5
218	3	2	145	737377	2.5
189	0	0	128	737377	2.5
4	2	2	7	737377	2.5
86	2	1	164	737377	2.5
156	1	1	105	737377	3
66	1	2	63	737377	3
209	0	0	92	737377	3
28	2	0	98	737377	3
22	3	0	121	737377	3
119	3	2	211	737377	3
39	0	1	187	737377	1
45	1	1	165	737377	1
73	3	0	237	737377	1
49	2	0	55	737377	1
198	3	1	176	737377	1
241	1	0	81	737377	1
151	1	2	84	737377	3
219	2	1	202	737377	3
134	0	1	18	737377	3
136	9	0	230	737377	3
126	2	1	125	737377	3
106	0	0	23	737377	3
244	2	3	11	737377	3
108	1	0	183	737377	3
2	1	1	122	737377	3
177	4	1	24	737377	3
162	4	3	231	737377	3
195	0	2	132	737377	3
247	1	0	72	737377	3
149	2	1	228	737377	3
140	0	0	60	737377	3
239	3	1	59	737377	3
155	0	0	160	737378	2.5
251	0	0	36	737378	2.5
232	2	1	100	737378	2.5
238	4	1	142	737378	2.5
67	6	0	91	737378	2.5
226	1	0	90	737378	2.5
174	4	0	114	737378	2.5
78	7	0	153	737378	2.5
201	0	2	225	737378	2.5
85	3	0	143	737378	2.5
37	0	1	13	737378	2.5
35	0	3	130	737378	2.5
14	0	1	93	737378	2.5
80	4	1	46	737378	3
184	0	3	161	737378	3
10	0	2	131	737378	3
97	4	2	17	737378	3
213	1	0	171	737378	3
227	4	0	69	737378	3
56	1	0	189	737378	1
107	1	2	243	737378	1
62	1	0	172	737379	2.5
148	1	0	82	737379	2.5
127	0	0	104	737379	2.5
6	4	0	32	737379	2.5
64	3	1	76	737379	2.5
21	0	2	182	737379	2.5
77	1	0	139	737379	2.5
19	2	1	147	737379	2.5
129	1	2	190	737379	2.5
54	1	2	75	737379	2.5
210	1	3	50	737379	2.5
204	1	4	27	737379	2.5
208	1	0	200	737379	3
71	1	0	166	737379	3
211	1	0	26	737379	3
110	1	0	120	737379	3
96	5	0	191	737379	3
51	0	2	152	737380	2.5
99	2	0	169	737380	2.5
224	1	2	40	737380	2.5
242	2	0	150	737380	2.5
3	1	0	223	737380	2.5
87	2	1	8	737380	2.5
203	0	1	44	737380	2.5
58	3	0	101	737380	2.5
79	1	4	216	737380	2.5
29	1	0	217	737380	2.5
138	2	4	173	737380	2.5
135	0	4	124	737380	2.5
39	1	0	197	737380	2.5
145	0	2	192	737380	2.5
218	2	2	241	737380	2.5
4	0	2	86	737380	2.5
7	0	2	189	737380	2.5
164	1	2	128	737380	2.5
105	4	0	237	737380	3
63	1	1	102	737380	3
92	3	2	28	737380	3
98	3	1	209	737380	3
34	1	1	22	737380	3
94	10	0	119	737380	3
144	1	0	176	737380	1
212	0	1	89	737381	2.5
88	2	2	199	737381	2.5
43	2	2	163	737381	2.5
57	0	0	70	737381	2.5
194	1	1	235	737381	2.5
36	0	1	12	737381	2.5
172	2	6	148	737381	2.5
198	1	1	67	737381	2.5
91	1	6	226	737381	2.5
153	1	2	174	737381	2.5
78	5	0	201	737381	2.5
225	3	0	114	737381	2.5
130	9	1	14	737381	2.5
143	0	3	35	737381	2.5
93	2	1	85	737381	2.5
131	1	1	97	737381	3
17	2	3	10	737381	3
171	1	2	227	737381	3
69	1	0	213	737381	3
13	2	2	243	737381	1
41	0	3	155	737382	2.5
160	2	0	196	737382	2.5
250	1	2	251	737382	2.5
100	0	1	238	737382	2.5
142	2	1	232	737382	2.5
82	2	1	62	737382	2.5
6	6	1	127	737382	2.5
104	5	0	81	737382	2.5
182	2	0	107	737382	2.5
76	2	0	21	737382	2.5
147	1	0	129	737382	2.5
132	1	4	246	737382	2.5
190	3	2	77	737382	2.5
139	1	0	19	737382	2.5
75	3	1	50	737382	2.5
27	6	1	54	737382	2.5
210	0	5	204	737382	2.5
65	0	4	80	737382	3
161	2	1	30	737382	3
71	2	0	200	737382	3
208	0	1	166	737382	3
26	3	0	110	737382	3
120	1	2	211	737382	3
191	3	0	9	737382	3
37	3	0	60	737382	1
64	2	1	90	737382	1
73	0	1	56	737382	1
167	2	0	32	737382	1
11	0	0	187	737382	1
151	3	1	95	737382	3
219	1	0	84	737382	3
170	0	1	136	737382	3
134	5	0	230	737382	3
126	0	0	23	737382	3
106	2	0	45	737382	3
244	2	0	183	737382	3
108	1	2	55	737382	3
2	0	1	49	737382	3
177	1	0	122	737382	3
162	1	0	165	737382	3
195	1	1	231	737382	3
247	0	0	228	737382	3
149	2	0	123	737382	3
239	2	0	222	737382	3
140	0	0	59	737382	3
96	8	0	10	737384	1
49	1	2	126	737389	2.5
72	3	0	108	737389	2.5
177	0	0	23	737390	2.5
11	1	3	136	737390	2.5
72	0	2	126	737392	2.5
49	6	0	108	737392	2.5
136	1	2	177	737393	2.5
23	0	2	11	737393	2.5
49	4	2	72	737395	2.5
108	0	0	126	737395	2.5
136	2	4	23	737395	2.5
177	1	3	11	737395	2.5
126	2	2	23	737398	2.5
49	0	1	11	737398	2.5
23	1	0	11	737401	2.5
202	1	2	132	737403	2.5
60	2	0	106	737404	2.5
132	5	0	106	737407	2.5
60	1	0	202	737408	2.5
106	0	2	202	737411	2.5
60	1	0	132	737411	2.5
26	1	4	46	737431	1
164	0	1	225	737433	1
26	1	4	46	737434	1
135	0	1	225	737436	1
46	0	1	128	737439	1
71	0	1	128	737443	1
80	1	0	63	737456	1
6	1	1	78	737671	3
241	2	1	226	737671	3
204	3	1	218	737671	3
189	0	1	107	737671	3
39	1	1	198	737671	3
85	0	1	182	737671	3
164	1	1	135	737671	3
77	0	0	93	737671	3
139	0	0	7	737671	3
114	3	2	153	737671	3
130	1	1	35	737672	3
104	1	0	190	737672	3
174	1	2	19	737672	3
201	1	1	127	737672	3
75	1	1	129	737672	3
76	1	3	197	737672	3
144	0	2	50	737672	3
32	0	2	4	737672	3
128	0	1	124	737673	3
67	0	2	27	737673	3
192	4	1	64	737673	3
225	0	1	86	737673	3
54	0	2	167	737673	3
21	1	2	145	737673	3
147	2	1	14	737673	3
81	0	1	90	737673	3
91	1	0	210	737673	3
78	4	0	241	737674	3
226	1	1	6	737674	3
107	2	3	204	737674	3
218	0	0	189	737674	3
182	1	0	39	737674	3
198	0	1	85	737674	3
77	1	0	164	737674	3
135	1	2	93	737674	3
7	0	1	114	737674	3
153	1	1	139	737674	3
35	1	2	190	737675	3
104	0	1	130	737675	3
127	1	5	174	737675	3
19	2	3	201	737675	3
197	1	2	75	737675	3
129	1	1	76	737675	3
50	1	2	32	737675	3
4	0	1	144	737675	3
27	5	1	128	737676	3
67	0	0	124	737676	3
86	4	2	64	737676	3
225	0	2	192	737676	3
145	0	1	167	737676	3
54	0	1	21	737676	3
14	2	0	81	737676	3
90	1	1	147	737676	3
210	0	2	143	737676	3
171	0	0	96	737704	1
7	1	2	43	737705	1
19	2	1	93	737705	1
54	1	2	197	737705	1
67	4	0	114	737705	1
81	1	3	144	737705	1
86	7	1	241	737705	1
6	3	3	189	737705	1
130	6	0	164	737705	1
145	1	2	143	737705	1
153	2	0	91	737705	1
167	1	1	139	737705	1
104	0	1	161	737705	1
190	5	1	85	737705	1
192	0	0	78	737705	1
77	4	0	210	737705	1
226	1	2	64	737705	1
250	1	0	150	737705	1
27	1	1	62	737706	1
124	3	0	182	737706	1
204	1	2	225	737706	1
3	1	1	169	737706	1
244	1	2	125	737706	1
187	2	2	189	737706	3
243	2	1	53	737706	3
13	1	0	73	737706	3
128	2	1	201	737706	2.5
39	1	3	107	737706	2.5
35	1	1	127	737706	2.5
76	0	0	198	737706	2.5
75	0	0	129	737706	2.5
174	1	2	218	737706	2.5
90	1	0	32	737706	2.5
147	2	1	135	737706	2.5
40	3	0	199	737707	1
58	0	1	88	737707	1
132	0	0	44	737707	1
194	2	1	250	737707	1
152	3	0	89	737707	1
160	2	1	217	737707	1
155	3	1	216	737707	1
173	0	1	12	737707	1
238	3	0	223	737707	1
56	3	0	246	737707	3
37	5	0	33	737707	3
78	1	0	226	737708	3
241	1	2	6	737708	3
145	2	0	54	737708	3
167	2	0	21	737708	3
114	1	1	139	737708	3
7	0	0	153	737708	3
143	0	1	91	737708	3
43	1	2	99	737708	1
63	0	1	184	737708	1
105	1	1	171	737708	1
172	2	0	51	737708	1
35	0	0	104	737709	3
190	0	0	130	737709	3
124	2	1	27	737709	3
128	0	3	67	737709	3
64	2	1	225	737709	3
86	0	0	192	737709	3
174	4	0	201	737709	3
127	0	1	19	737709	3
75	1	0	76	737709	3
129	1	2	197	737709	3
218	0	1	107	737709	3
204	1	1	189	737709	3
198	0	0	182	737709	3
85	2	0	39	737709	3
14	2	2	90	737709	3
81	3	3	147	737709	3
135	0	1	77	737709	3
93	2	0	164	737709	3
50	0	0	4	737709	3
144	2	2	32	737709	3
87	0	2	29	737709	1
150	0	0	251	737709	1
3	1	2	250	737709	1
232	0	1	41	737709	1
40	2	1	148	737710	1
89	5	1	49	737710	1
235	1	1	223	737710	1
72	1	2	244	737710	1
44	0	0	224	737711	1
6	3	3	226	737711	3
241	1	0	78	737711	3
21	0	0	54	737711	3
167	1	2	145	737711	3
139	0	1	153	737711	3
114	2	0	7	737711	3
143	0	0	210	737711	3
63	0	1	184	737711	1
132	1	0	62	737711	1
161	2	2	12	737711	1
155	1	1	199	737711	1
163	0	3	8	737711	1
172	1	0	217	737711	1
173	1	1	238	737711	1
33	1	2	13	737711	3
73	4	2	243	737711	3
246	0	1	187	737711	3
189	2	4	37	737711	3
53	2	2	56	737711	3
130	1	1	104	737712	3
190	3	0	35	737712	3
128	1	2	27	737712	3
124	0	1	67	737712	3
192	3	0	225	737712	3
64	1	2	86	737712	3
174	1	0	127	737712	3
201	0	1	19	737712	3
75	1	0	197	737712	3
76	2	3	129	737712	3
204	0	0	107	737712	3
189	2	2	218	737712	3
85	1	0	198	737712	3
39	0	1	182	737712	3
147	1	1	90	737712	3
81	1	1	14	737712	3
93	0	0	135	737712	3
164	0	4	77	737712	3
144	0	0	4	737712	3
32	2	0	50	737712	3
82	2	2	223	737735	1
23	1	0	231	737736	1
4	2	1	135	737740	1
27	2	1	226	737740	1
39	3	0	91	737740	1
67	2	0	225	737740	1
86	0	2	85	737740	1
6	1	0	197	737740	1
93	2	1	54	737740	1
130	4	0	81	737740	1
144	2	1	114	737740	1
145	0	3	19	737740	1
153	3	0	143	737740	1
167	0	0	50	737740	1
104	1	1	78	737740	1
190	2	0	241	737740	1
192	7	0	7	737740	1
201	5	3	32	737740	1
210	0	3	139	737740	1
77	0	0	21	737740	1
189	3	3	64	737740	1
107	2	1	128	737741	2.5
127	1	2	76	737741	2.5
218	1	1	75	737741	2.5
90	0	1	147	737741	2.5
35	0	2	125	737741	1
124	3	0	198	737741	1
134	0	0	126	737741	1
140	1	3	23	737741	1
164	0	0	204	737741	1
72	3	2	231	737741	1
244	0	1	219	737741	1
182	0	0	80	737741	1
33	2	3	73	737741	3
13	1	1	187	737741	3
24	2	0	170	737742	1
63	1	1	49	737742	1
132	1	0	184	737742	1
56	0	3	243	737742	3
53	2	0	189	737742	3
37	1	0	246	737742	3
192	0	1	86	737743	3
225	2	1	64	737743	3
6	3	1	241	737743	3
226	1	1	78	737743	3
21	0	0	167	737743	3
54	2	1	145	737743	3
153	3	1	7	737743	3
139	1	1	114	737743	3
210	0	0	91	737743	3
161	3	2	60	737743	1
11	3	0	131	737743	1
104	3	1	35	737744	3
130	2	0	190	737744	3
27	2	0	124	737744	3
67	2	1	128	737744	3
19	2	1	127	737744	3
201	3	0	174	737744	3
76	1	0	75	737744	3
197	1	0	129	737744	3
189	3	2	204	737744	3
107	1	1	218	737744	3
182	1	0	198	737744	3
39	1	2	85	737744	3
147	2	1	81	737744	3
90	1	2	14	737744	3
77	2	1	135	737744	3
164	0	2	93	737744	3
4	3	1	50	737744	3
32	2	0	144	737744	3
96	2	1	105	737744	1
134	1	0	219	737745	1
72	1	0	23	737745	1
80	6	2	184	737745	1
181	2	1	63	737745	1
64	2	3	192	737746	3
86	4	2	225	737746	3
78	6	0	6	737746	3
226	3	0	241	737746	3
145	0	0	21	737746	3
167	4	0	54	737746	3
7	0	5	139	737746	3
153	1	1	114	737746	3
91	1	1	143	737746	3
24	0	0	170	737746	1
132	0	2	161	737746	1
60	2	1	49	737746	1
11	1	2	131	737746	1
244	1	2	126	737746	1
73	6	1	56	737746	3
246	2	1	53	737746	3
189	0	2	13	737746	3
187	2	2	33	737746	3
243	0	2	37	737746	3
35	0	2	130	737747	3
190	1	2	104	737747	3
124	4	0	128	737747	3
27	4	2	67	737747	3
127	1	1	201	737747	3
19	1	1	174	737747	3
197	2	0	76	737747	3
129	1	0	75	737747	3
107	2	0	189	737747	3
218	5	0	204	737747	3
198	0	0	39	737747	3
182	3	1	85	737747	3
14	1	0	147	737747	3
90	0	0	81	737747	3
135	1	0	164	737747	3
93	0	0	77	737747	3
4	3	2	32	737747	3
50	1	2	144	737747	3
49	5	0	24	737763	3
80	6	0	71	737768	1
72	0	0	126	737802	1
136	0	1	183	737808	1
200	0	1	191	737809	1
96	1	0	191	737812	1
200	0	0	218	737815	1
126	2	1	136	737817	1
184	0	0	218	737818	1
80	7	0	237	737821	1
134	2	0	231	737822	1
134	0	1	231	737826	1
134	0	2	244	737836	1
96	1	0	171	737845	1
194	1	0	224	737862	1
194	2	1	232	737864	1
82	4	0	150	737866	1
177	0	0	134	737869	1
32	1	1	105	737873	1
134	1	0	140	737873	1
135	4	0	144	737873	1
49	1	0	145	737873	1
10	2	2	166	737873	3
227	3	0	110	737873	3
96	1	0	65	737873	3
200	1	0	69	737873	3
209	1	0	191	737873	3
192	1	0	21	737873	3
218	3	2	198	737873	3
86	1	1	241	737873	3
85	2	2	35	737873	3
27	3	1	182	737873	3
81	2	6	197	737873	3
189	4	2	104	737873	3
91	0	3	174	737873	3
139	1	2	167	737873	3
153	1	3	204	737873	3
77	1	0	64	737873	3
54	0	0	76	737873	3
51	0	3	169	737873	2.5
99	1	0	152	737873	2.5
224	0	1	150	737873	2.5
242	0	0	40	737873	2.5
212	0	2	223	737873	2.5
203	1	0	163	737873	2.5
82	4	0	148	737873	2.5
23	3	1	219	737874	1
122	1	1	177	737874	1
132	3	0	60	737874	1
11	1	0	136	737874	1
80	4	1	131	737874	1
71	2	0	92	737874	3
46	5	1	30	737874	3
66	5	0	213	737874	3
184	1	0	26	737874	3
102	2	0	28	737874	3
237	3	0	97	737874	3
78	1	1	93	737874	3
225	1	0	90	737874	3
39	1	3	226	737874	3
130	2	0	127	737874	3
129	0	2	67	737874	3
75	2	2	19	737874	3
164	1	1	114	737874	3
124	5	0	210	737874	3
7	0	1	4	737874	3
107	3	3	190	737874	3
6	3	0	128	737874	3
143	0	1	14	737874	3
201	3	2	147	737874	3
3	1	1	89	737874	2.5
88	1	0	8	737874	2.5
87	3	0	199	737874	2.5
57	0	0	235	737874	2.5
194	1	1	70	737874	2.5
36	0	1	251	737874	2.5
250	3	3	12	737874	2.5
100	1	0	232	737874	2.5
142	2	5	238	737874	2.5
231	3	0	165	737874	3
53	2	1	33	737875	1
41	2	2	196	737875	2.5
160	0	0	155	737875	2.5
43	3	1	44	737875	2.5
79	1	3	101	737875	2.5
58	0	0	216	737875	2.5
172	0	3	62	737875	2.5
35	0	0	63	737876	1
170	0	0	24	737876	1
49	2	1	21	737876	1
182	1	0	161	737876	1
120	0	3	10	737876	3
17	0	6	227	737876	3
121	0	3	96	737876	3
9	0	6	200	737876	3
119	0	7	171	737876	3
22	0	4	209	737876	3
198	0	1	145	737876	3
218	2	2	192	737876	3
32	4	2	81	737876	3
197	1	1	27	737876	3
167	4	1	91	737876	3
104	2	0	139	737876	3
174	0	3	189	737876	3
204	2	1	77	737876	3
64	1	0	54	737876	3
76	2	2	153	737876	3
138	0	0	217	737876	2.5
29	0	1	173	737876	2.5
93	2	1	105	737877	1
127	1	2	80	737877	1
166	1	1	71	737877	3
65	1	2	66	737877	3
69	1	2	184	737877	3
191	1	1	237	737877	3
90	1	2	78	737877	3
135	0	3	225	737877	3
226	1	0	144	737877	3
39	0	2	130	737877	3
50	0	2	86	737877	3
241	1	1	85	737877	3
67	8	0	164	737877	3
19	3	1	114	737877	3
129	1	1	75	737877	3
4	0	2	124	737877	3
190	3	0	7	737877	3
210	0	3	107	737877	3
14	2	0	128	737877	3
147	5	0	143	737877	3
201	0	1	6	737877	3
169	2	1	99	737877	2.5
152	3	0	51	737877	2.5
89	3	1	212	737877	2.5
223	2	0	3	737877	2.5
238	2	1	100	737877	2.5
232	1	0	142	737877	2.5
73	2	1	33	737878	1
136	1	1	140	737878	1
170	2	1	24	737878	1
244	0	1	126	737878	1
110	0	11	46	737878	3
40	1	0	224	737878	2.5
150	1	0	242	737878	2.5
8	2	0	87	737878	2.5
199	1	0	88	737878	2.5
235	1	2	194	737878	2.5
70	4	0	57	737878	2.5
12	5	0	36	737878	2.5
251	0	2	250	737878	2.5
72	6	0	122	737878	1
23	1	2	134	737879	1
63	0	1	161	737879	1
125	3	0	219	737879	1
198	1	1	49	737879	1
92	1	0	120	737879	3
30	5	0	17	737879	3
213	3	0	121	737879	3
26	1	0	9	737879	3
28	5	0	119	737879	3
97	4	0	22	737879	3
21	1	2	218	737879	3
145	1	3	192	737879	3
182	1	0	197	737879	3
27	8	0	32	737879	3
91	0	7	104	737879	3
167	0	1	174	737879	3
189	3	3	139	737879	3
54	1	0	77	737879	3
64	3	0	153	737879	3
76	2	1	204	737879	3
11	5	0	183	737879	3
132	14	0	165	737879	3
196	0	1	160	737879	2.5
155	1	0	41	737879	2.5
44	0	0	203	737879	2.5
163	0	1	43	737879	2.5
101	3	0	58	737879	2.5
216	1	1	79	737879	2.5
62	3	1	82	737879	2.5
148	0	0	172	737879	2.5
173	3	0	138	737879	2.5
225	1	0	81	737880	1
226	3	2	85	737880	1
78	3	1	135	737880	3
93	1	1	90	737880	3
127	0	0	39	737880	3
144	0	2	130	737880	3
35	0	1	86	737880	3
241	1	1	50	737880	3
75	4	0	114	737880	3
19	0	4	67	737880	3
164	1	4	129	737880	3
124	2	1	190	737880	3
7	1	4	107	737880	3
210	0	2	4	737880	3
14	3	2	201	737880	3
6	1	2	147	737880	3
143	1	4	128	737880	3
241	1	1	23	737933	1
126	0	0	231	737934	1
72	5	1	134	737934	1
123	2	3	2	737935	1
177	1	0	228	737935	1
189	2	1	21	737937	1
23	2	0	149	737938	1
130	7	0	210	737938	1
123	1	3	177	737939	1
126	6	2	170	737939	1
161	2	1	128	737939	1
55	1	1	2	737939	1
225	2	0	85	737939	1
228	2	2	231	737939	1
153	0	3	127	737940	1
226	2	1	80	737940	1
134	1	1	247	737941	1
189	0	0	99	737941	1
64	1	1	14	737942	1
135	4	1	210	737942	1
147	1	1	77	737942	1
190	1	1	204	737942	1
76	1	1	39	737942	1
144	0	1	81	737942	2.5
32	1	2	21	737943	1
35	0	0	167	737943	1
124	1	0	19	737943	1
86	3	0	182	737943	1
6	1	1	67	737943	1
163	5	0	138	737943	1
104	2	2	75	737943	1
174	1	0	145	737943	1
201	1	2	90	737943	1
166	4	0	120	737943	3
110	1	3	17	737943	3
65	5	0	121	737943	3
69	3	0	9	737943	3
191	7	0	22	737943	3
12	4	1	160	737944	1
7	1	4	198	737944	1
27	1	1	93	737944	1
226	7	0	143	737944	1
189	2	0	164	737944	1
241	1	0	127	737944	1
161	0	0	63	737944	3
80	1	0	105	737944	3
170	2	0	230	737944	3
125	3	1	106	737944	3
23	8	0	45	737944	3
183	4	0	55	737944	3
24	1	1	2	737944	3
72	4	0	149	737944	3
228	2	2	123	737944	3
33	3	1	246	737944	3
243	0	0	187	737944	3
13	1	1	53	737944	3
189	0	3	56	737944	3
136	0	3	18	737944	3
49	1	0	122	737944	3
114	0	1	128	737945	1
85	0	1	81	737945	1
107	1	0	54	737945	1
130	4	0	197	737945	1
135	2	1	153	737945	1
173	0	1	44	737945	1
147	4	0	50	737945	1
203	2	0	196	737945	1
77	6	0	91	737945	1
78	0	0	192	737945	1
139	3	1	144	737945	2.5
151	0	4	219	737945	3
10	1	0	92	737945	3
227	6	0	30	737945	3
96	10	0	213	737945	3
200	1	1	26	737945	3
171	3	0	28	737945	3
209	3	0	97	737945	3
37	2	0	73	737945	3
99	0	2	235	737946	1
62	2	1	40	737946	1
167	1	3	129	737946	1
172	0	2	88	737946	1
204	1	0	39	737946	1
216	3	1	250	737946	1
225	3	1	14	737946	1
238	1	0	199	737946	1
182	0	0	4	737946	1
11	3	0	108	737946	3
140	3	2	222	737946	3
60	5	0	239	737946	3
120	0	7	71	737946	3
17	0	7	46	737946	3
121	0	8	66	737946	3
184	13	0	9	737946	3
119	0	10	102	737946	3
22	0	0	237	737946	3
12	1	0	152	737947	1
19	0	0	76	737947	1
27	1	0	64	737947	1
67	2	0	35	737947	1
124	1	0	201	737947	1
145	0	1	75	737947	1
164	1	0	21	737947	1
104	3	0	90	737947	1
174	1	2	93	737947	1
105	2	2	63	737947	3
80	3	2	161	737947	3
7	0	0	91	737948	1
114	5	1	143	737948	1
6	7	1	139	737948	1
203	5	0	196	737948	1
218	1	1	131	737948	1
241	4	0	54	737948	1
95	0	3	219	737948	3
202	2	0	84	737948	3
170	0	3	134	737948	3
18	5	1	230	737948	3
126	4	1	45	737948	3
244	5	0	55	737948	3
24	0	2	122	737948	3
195	0	1	165	737948	3
132	4	1	231	737948	3
72	3	1	228	737948	3
247	4	0	123	737948	3
23	0	3	125	737948	3
49	1	0	177	737948	3
29	2	2	250	737949	1
44	0	0	173	737949	1
197	3	1	4	737949	1
86	3	0	39	737949	1
88	1	0	235	737949	1
107	0	0	198	737949	1
135	1	2	99	737949	1
155	1	0	89	737949	1
163	1	1	79	737949	1
190	2	2	128	737949	1
216	2	0	43	737949	1
78	4	0	144	737949	1
92	1	2	166	737949	3
71	3	0	10	737949	3
46	4	0	227	737949	3
30	1	1	110	737949	3
213	0	1	65	737949	3
66	0	0	96	737949	3
26	1	1	69	737949	3
184	3	0	200	737949	3
102	1	0	171	737949	3
97	0	2	191	737949	3
237	2	0	209	737949	3
73	1	2	189	737949	3
56	2	2	13	737949	3
246	0	0	243	737949	3
187	0	2	37	737949	3
53	1	1	33	737949	3
239	3	2	140	737950	3
172	0	1	58	737950	1
192	4	0	129	737950	1
80	4	0	63	737950	1
60	5	0	222	737950	3
81	2	1	139	737951	2.5
3	3	2	242	737951	1
84	3	0	95	737952	3
202	5	0	151	737952	3
170	0	3	18	737952	3
136	0	0	134	737952	3
45	0	10	125	737952	3
106	0	1	126	737952	3
108	0	1	244	737952	3
2	1	2	177	737952	3
162	1	8	195	737952	3
149	1	2	247	737952	3
132	1	0	218	737952	2.5
199	1	1	152	737952	1
99	2	1	172	737952	1
135	1	0	88	737952	1
160	1	0	141	737952	1
238	0	2	12	737952	1
130	3	0	189	737952	2.5
11	3	0	55	737952	3
72	5	0	123	737952	3
102	0	1	46	737953	3
184	2	1	66	737953	3
209	0	4	71	737953	3
89	0	0	62	737953	1
161	0	0	105	737953	1
155	1	0	40	737953	1
182	1	1	226	737953	2.5
67	0	1	85	737953	2.5
204	0	3	27	737953	2.5
60	2	1	140	737954	3
223	0	1	250	737954	1
232	2	0	150	737954	1
19	3	1	147	737954	2.5
104	3	2	241	737954	2.5
124	1	0	64	737954	2.5
37	3	0	246	737954	3
56	1	0	73	737954	3
142	0	1	141	737955	1
75	0	2	197	737955	2.5
190	1	2	76	737955	2.5
78	0	0	225	737955	2.5
13	1	1	53	737955	3
187	3	1	33	737955	3
84	1	1	151	737956	3
202	3	1	219	737956	3
18	1	0	134	737956	3
23	4	0	106	737956	3
125	1	0	126	737956	3
183	3	0	108	737956	3
11	3	0	244	737956	3
24	0	3	177	737956	3
122	1	1	2	737956	3
231	4	0	162	737956	3
132	5	1	195	737956	3
228	0	1	149	737956	3
72	3	2	247	737956	3
46	3	0	102	737956	3
66	0	0	184	737956	3
71	2	0	209	737956	3
238	1	0	152	737956	1
68	1	0	220	737956	1
107	0	3	192	737956	2.5
6	0	1	86	737956	2.5
136	2	1	230	737956	3
189	0	2	182	737957	2.5
130	3	0	226	737957	2.5
204	1	0	85	737957	2.5
67	1	2	27	737958	2.5
241	2	1	147	737958	2.5
104	2	0	19	737958	2.5
56	0	0	246	737958	3
37	4	0	189	737958	3
12	5	1	141	737958	1
64	1	1	197	737959	2.5
124	0	0	75	737959	2.5
225	1	0	76	737959	2.5
53	1	0	33	737959	3
13	1	0	243	737959	3
78	1	1	190	737960	2.5
107	1	1	86	737960	2.5
6	4	2	192	737960	2.5
142	0	1	223	737960	2.5
130	1	0	182	737961	2.5
226	3	1	189	737961	2.5
246	2	2	73	737961	3
56	1	2	189	737961	3
177	2	1	220	737961	2.5
67	4	1	204	737962	2.5
85	0	2	27	737962	2.5
104	3	0	147	737962	2.5
241	0	1	19	737962	2.5
243	1	1	53	737962	3
13	1	0	187	737962	3
75	1	3	64	737963	2.5
124	1	0	197	737963	2.5
160	2	0	108	737963	2.5
78	5	0	76	737964	2.5
225	3	2	190	737964	2.5
6	2	2	107	737964	2.5
192	2	2	86	737964	2.5
73	2	2	189	737964	3
37	2	1	56	737964	3
140	1	0	68	737964	2.5
33	0	2	243	737965	3
53	0	2	187	737965	3
183	5	1	57	737965	2.5
23	2	0	136	737966	2.5
130	2	1	19	737967	2.5
182	0	4	67	737967	2.5
104	0	2	197	737968	2.5
27	1	0	192	737968	2.5
37	1	1	73	737968	3
246	0	1	189	737968	3
71	0	0	96	737968	1
64	3	5	78	737969	2.5
86	3	3	226	737969	2.5
13	4	1	33	737969	3
243	1	0	187	737969	3
124	2	0	6	737970	2.5
225	1	2	241	737970	2.5
161	3	0	184	737971	1
226	1	1	78	737973	2.5
27	1	2	130	737973	2.5
189	3	3	187	737973	3
37	1	0	53	737973	3
102	6	1	213	737973	2.5
237	6	1	166	737973	2.5
30	8	1	26	737973	2.5
197	1	2	67	737974	2.5
241	0	4	124	737974	2.5
161	4	0	173	737974	1
243	0	0	56	737974	3
13	3	0	73	737974	3
96	4	0	97	737974	2.5
65	0	3	98	737974	2.5
94	2	0	22	737974	2.5
49	1	0	71	737975	1
37	1	0	189	737976	3
13	1	1	56	737977	3
130	1	1	78	737977	2.5
102	4	1	30	737977	2.5
96	1	1	94	737977	2.5
237	1	1	98	737977	2.5
79	3	1	138	737977	2.5
3	1	0	36	737977	2.5
124	2	1	67	737978	2.5
163	0	0	251	737978	2.5
216	1	2	169	737978	2.5
250	1	2	138	737979	2.5
3	1	0	79	737979	2.5
189	2	3	56	737980	3
150	2	2	251	737980	2.5
216	1	0	163	737980	2.5
37	0	1	13	737981	3
138	0	4	36	737981	2.5
250	0	1	79	737981	2.5
161	0	0	237	737981	2.5
124	1	1	130	737982	2.5
169	2	0	251	737982	2.5
163	2	0	150	737982	2.5
71	2	0	96	737982	2.5
46	4	1	156	737982	2.5
80	1	0	102	737982	2.5
131	2	0	227	737983	2.5
63	3	1	94	737983	2.5
36	1	2	250	737984	2.5
3	4	0	138	737984	2.5
216	2	1	251	737984	2.5
150	1	1	169	737984	2.5
49	3	3	184	737984	2.5
105	4	0	92	737984	2.5
3	0	0	250	737985	2.5
79	1	1	36	737985	2.5
163	1	0	169	737985	2.5
216	2	1	150	737985	2.5
237	0	2	71	737985	2.5
96	0	3	161	737985	2.5
102	1	4	46	737986	2.5
80	6	1	156	737986	2.5
216	2	2	79	737987	2.5
3	3	0	163	737987	2.5
94	1	2	131	737987	2.5
227	1	2	63	737987	2.5
92	0	4	49	737988	2.5
184	2	3	105	737988	2.5
79	1	1	163	737989	2.5
3	0	0	216	737989	2.5
96	1	1	237	737989	2.5
161	1	0	71	737989	2.5
156	1	2	102	737989	2.5
80	1	0	46	737989	2.5
227	2	1	94	737991	2.5
63	1	0	131	737991	2.5
184	3	1	92	737991	2.5
105	0	2	49	737991	2.5
161	3	0	105	737995	2.5
49	3	2	71	737995	2.5
63	0	2	46	737996	2.5
80	1	0	131	737996	2.5
161	2	1	46	738000	2.5
80	1	0	49	738000	2.5
80	1	0	161	738003	2.5
71	0	0	63	738023	1
172	2	1	223	738024	1
223	3	0	172	738028	1
82	0	0	217	738028	1
82	2	1	242	738031	1
23	6	1	102	738034	1
57	7	1	215	738034	1
85	0	0	182	738034	1
49	0	4	218	738034	1
226	2	1	93	738034	1
196	1	1	43	738034	3
152	1	0	203	738034	3
70	1	0	8	738034	3
142	2	1	87	738034	3
216	2	0	235	738034	3
101	1	1	99	738034	3
192	2	1	198	738034	3
145	2	1	21	738034	3
50	2	2	241	738034	3
86	1	1	35	738034	3
114	0	4	129	738034	3
67	2	0	75	738034	3
164	0	2	19	738034	3
174	1	1	104	738034	3
139	3	1	91	738034	3
189	2	2	167	738034	3
153	3	0	54	738034	3
77	1	1	76	738034	3
204	0	0	64	738034	3
195	1	0	183	738035	2.5
170	1	1	122	738035	1
172	0	2	40	738035	3
12	8	0	68	738035	3
194	0	0	242	738035	3
169	1	1	58	738035	3
155	2	0	223	738035	3
199	1	1	232	738035	3
148	0	1	29	738035	3
60	0	0	126	738035	3
125	1	0	219	738035	3
72	0	0	140	738035	3
132	0	1	177	738035	3
18	3	0	202	738035	3
11	3	1	247	738035	3
90	0	1	135	738035	3
225	2	1	78	738035	3
130	1	1	39	738035	3
144	1	4	127	738035	3
197	1	0	32	738035	3
81	2	5	27	738035	3
7	2	0	210	738035	3
107	0	4	124	738035	3
190	4	1	4	738035	3
128	0	2	201	738035	3
143	0	2	6	738035	3
147	0	0	14	738035	3
33	1	1	56	738035	3
73	2	0	187	738035	3
189	1	1	243	738035	3
246	1	3	13	738035	3
53	0	1	37	738035	3
46	1	1	105	738035	3
71	0	0	80	738035	3
184	0	0	63	738035	3
161	2	1	131	738035	3
160	1	2	250	738036	3
238	3	0	100	738036	3
173	2	0	141	738036	3
163	0	0	62	738036	3
44	2	0	150	738036	3
251	0	0	3	738036	3
89	1	0	82	738036	3
35	1	0	136	738037	1
41	8	1	215	738037	1
102	2	0	134	738037	1
49	1	3	192	738037	1
198	1	1	21	738037	3
218	4	1	145	738037	3
85	1	0	50	738037	3
241	1	1	86	738037	3
114	0	1	67	738037	3
75	1	0	164	738037	3
129	5	2	19	738037	3
139	0	2	174	738037	3
91	0	3	189	738037	3
104	4	0	167	738037	3
77	1	0	153	738037	3
54	0	2	204	738037	3
76	0	1	64	738037	3
24	0	2	183	738038	2.5
81	0	1	127	738038	1
170	1	2	122	738038	1
225	2	1	244	738038	1
203	1	1	194	738038	3
87	1	1	70	738038	3
235	0	1	169	738038	3
135	1	1	93	738038	3
78	4	0	90	738038	3
39	1	0	144	738038	3
226	0	0	130	738038	3
32	2	3	182	738038	3
27	3	0	197	738038	3
124	4	0	7	738038	3
4	1	0	107	738038	3
210	1	7	190	738038	3
128	2	2	147	738038	3
6	6	0	14	738038	3
201	2	0	143	738038	3
73	0	0	53	738038	3
187	1	1	56	738038	3
243	4	2	33	738038	3
189	1	0	246	738038	3
63	0	1	161	738038	3
71	0	0	105	738038	3
131	0	3	184	738038	3
80	1	1	46	738038	3
68	2	4	172	738039	3
141	1	0	196	738039	3
62	2	1	44	738039	3
242	0	0	152	738039	3
3	1	0	89	738039	3
29	1	1	199	738039	3
195	4	1	24	738040	2.5
23	1	2	134	738040	1
57	1	0	41	738040	1
145	1	1	49	738040	1
40	1	1	12	738040	3
250	0	2	238	738040	3
100	1	0	160	738040	3
43	1	2	173	738040	3
150	1	0	163	738040	3
8	0	1	142	738040	3
82	1	0	251	738040	3
58	1	3	216	738040	3
223	2	4	101	738040	3
232	3	2	148	738040	3
219	1	1	72	738040	3
60	1	0	140	738040	3
126	0	3	125	738040	3
202	0	1	132	738040	3
247	0	1	18	738040	3
177	0	1	11	738040	3
198	1	1	218	738040	3
21	0	3	192	738040	3
35	2	2	50	738040	3
86	2	0	85	738040	3
114	2	1	164	738040	3
19	0	1	75	738040	3
67	5	0	129	738040	3
167	0	0	139	738040	3
104	6	1	189	738040	3
174	5	1	91	738040	3
64	3	0	77	738040	3
76	2	0	54	738040	3
204	2	0	153	738040	3
39	4	1	90	738041	1
197	1	1	241	738041	1
96	2	2	171	738041	1
135	0	2	78	738041	3
93	2	1	225	738041	3
127	0	0	226	738041	3
130	5	0	144	738041	3
182	0	0	81	738041	3
32	0	1	27	738041	3
4	5	0	210	738041	3
107	2	1	7	738041	3
190	1	1	124	738041	3
128	0	4	6	738041	3
14	1	1	143	738041	3
147	0	0	201	738041	3
63	1	1	131	738041	3
184	1	1	161	738041	3
46	3	0	71	738041	3
105	1	4	80	738041	3
56	3	1	53	738042	3
187	2	1	246	738042	3
243	1	0	73	738042	3
13	3	0	33	738042	3
37	2	0	189	738042	3
71	0	2	96	738057	1
70	2	0	141	738063	1
222	0	1	24	738064	2.5
151	0	1	170	738064	2.5
24	1	1	122	738067	2.5
222	2	3	170	738067	2.5
223	1	1	99	738069	3
155	5	0	101	738069	3
23	4	0	66	738069	1
134	4	0	149	738069	1
217	1	1	224	738069	1
130	1	2	78	738069	3
126	0	0	140	738070	3
60	2	1	219	738070	3
72	0	1	125	738070	3
11	1	0	132	738070	3
202	3	2	247	738070	3
18	3	1	177	738070	3
105	0	0	63	738070	3
80	2	0	131	738070	3
71	1	0	184	738070	3
161	1	1	46	738070	3
100	2	0	250	738070	3
238	3	0	160	738070	3
141	1	2	43	738070	3
173	0	1	196	738070	3
203	0	1	242	738070	3
152	5	0	194	738070	3
199	2	0	148	738070	3
232	0	1	29	738070	3
73	3	0	33	738070	3
246	1	3	37	738070	3
187	0	0	13	738070	3
189	2	0	53	738070	3
243	0	0	56	738070	3
123	2	1	230	738070	2.5
122	0	0	222	738070	2.5
151	2	0	24	738070	2.5
27	2	3	86	738070	3
197	2	2	182	738071	3
81	2	0	32	738071	3
91	0	3	167	738071	3
139	0	1	104	738071	3
189	1	1	174	738071	3
153	0	4	77	738071	3
54	0	3	64	738071	3
204	1	0	76	738071	3
128	1	1	14	738071	3
6	2	1	201	738071	3
143	0	4	147	738071	3
12	6	1	172	738071	3
68	0	4	40	738071	3
150	0	3	62	738071	3
44	3	1	163	738071	3
8	3	1	87	738071	3
70	1	0	142	738071	3
21	0	3	198	738072	3
145	0	1	218	738072	3
225	3	0	135	738072	3
90	0	2	93	738072	3
144	3	1	39	738072	3
226	2	0	127	738072	3
85	1	2	241	738072	3
50	0	2	35	738072	3
75	3	2	129	738072	3
114	0	2	19	738072	3
164	0	4	67	738072	3
7	0	5	124	738072	3
107	0	1	4	738072	3
190	5	0	210	738072	3
82	1	3	3	738072	3
89	3	1	251	738072	3
235	1	1	58	738072	3
216	4	1	169	738072	3
99	2	2	223	738072	3
66	1	2	176	738072	1
88	1	2	217	738072	1
192	3	0	49	738072	1
244	5	1	149	738072	1
95	0	1	45	738072	2.5
155	3	0	101	738072	3
63	2	1	71	738073	3
131	0	0	46	738073	3
184	1	0	80	738073	3
161	3	0	105	738073	3
250	1	1	100	738073	3
160	0	0	238	738073	3
196	0	2	173	738073	3
43	1	0	141	738073	3
194	0	1	152	738073	3
242	1	0	203	738073	3
29	0	1	232	738073	3
148	1	0	199	738073	3
33	1	0	189	738073	3
56	0	0	37	738073	3
246	2	1	73	738073	3
13	3	0	243	738073	3
53	2	0	187	738073	3
151	1	0	222	738073	2.5
170	0	1	122	738073	2.5
130	2	1	27	738073	3
78	1	2	86	738073	3
32	0	2	197	738074	3
81	0	1	182	738074	3
104	6	0	91	738074	3
174	2	0	167	738074	3
139	1	2	189	738074	3
54	2	2	153	738074	3
64	2	2	76	738074	3
77	1	2	204	738074	3
128	4	0	143	738074	3
147	0	4	6	738074	3
201	1	0	14	738074	3
40	2	0	68	738074	3
163	0	1	44	738074	3
62	2	1	150	738074	3
87	2	0	8	738074	3
142	0	3	70	738074	3
230	0	3	123	738074	2.5
125	1	1	60	738075	3
219	2	3	140	738075	3
72	2	2	126	738075	3
132	2	1	18	738075	3
177	3	1	247	738075	3
11	3	2	202	738075	3
192	5	0	145	738075	3
218	3	1	21	738075	3
135	1	2	90	738075	3
225	2	0	93	738075	3
39	2	1	127	738075	3
144	0	4	226	738075	3
50	0	2	85	738075	3
241	1	1	35	738075	3
114	0	1	75	738075	3
67	1	0	19	738075	3
129	2	1	164	738075	3
124	1	1	107	738075	3
4	0	1	190	738075	3
210	0	3	7	738075	3
172	0	4	12	738075	3
251	0	1	89	738075	3
3	1	0	82	738075	3
169	1	3	216	738075	3
58	1	2	235	738075	3
23	0	1	176	738075	1
134	3	0	244	738075	1
198	4	0	49	738075	1
224	1	2	88	738075	1
45	2	1	95	738075	2.5
155	4	1	99	738075	3
105	0	2	131	738076	3
80	2	1	63	738076	3
46	4	1	184	738076	3
71	0	2	161	738076	3
24	1	1	170	738076	2.5
151	1	3	122	738076	2.5
33	4	0	187	738077	3
56	0	0	73	738077	3
13	1	0	189	738077	3
37	4	1	243	738077	3
53	3	0	246	738077	3
122	3	0	170	738079	2.5
161	2	3	73	738090	1
71	0	1	33	738099	1
222	4	4	151	738103	2.5
135	0	2	134	738104	1
171	0	3	65	738104	1
24	1	1	215	738104	2.5
197	7	0	136	738105	1
195	2	1	55	738105	1
218	4	0	49	738105	1
241	1	1	39	738105	1
242	1	1	194	738105	3
203	0	3	152	738105	3
82	1	1	89	738105	3
3	1	0	251	738105	3
58	1	1	169	738105	3
235	1	1	216	738105	3
232	0	3	199	738105	3
29	2	0	148	738105	3
140	1	2	125	738105	3
126	1	1	219	738105	3
60	1	0	72	738105	3
202	1	1	177	738105	3
247	0	1	132	738105	3
18	0	0	11	738105	3
198	0	0	192	738105	3
21	1	3	145	738105	3
90	2	0	225	738105	3
93	0	1	78	738105	3
204	6	0	54	738105	3
153	1	7	64	738105	3
76	2	2	77	738105	3
6	9	0	143	738105	3
14	0	5	147	738105	3
201	0	0	128	738105	3
73	1	0	246	738105	3
187	0	1	53	738105	3
189	3	0	33	738105	3
37	1	0	56	738105	3
40	1	1	172	738106	3
68	0	4	12	738106	3
87	1	0	142	738106	3
8	2	2	70	738106	3
99	0	0	101	738106	3
155	3	0	223	738106	3
46	1	0	63	738106	3
105	2	3	184	738106	3
71	1	1	131	738106	3
80	2	0	161	738106	3
127	1	0	144	738106	3
130	1	1	226	738106	3
164	0	2	75	738106	3
67	3	1	114	738106	3
19	4	2	129	738106	3
124	5	0	4	738106	3
7	1	4	190	738106	3
107	4	0	210	738106	3
243	0	1	13	738106	3
41	2	1	162	738107	1
171	2	0	65	738107	1
217	0	2	57	738107	1
24	2	1	151	738107	2.5
222	0	1	215	738107	2.5
250	4	0	160	738107	3
100	1	0	238	738107	3
43	2	1	196	738107	3
141	0	2	173	738107	3
150	0	4	44	738107	3
62	3	0	163	738107	3
35	1	3	85	738107	3
86	8	0	50	738107	3
182	5	1	32	738107	3
27	3	1	81	738107	3
174	0	0	139	738107	3
189	6	0	91	738107	3
167	2	2	104	738107	3
21	2	2	49	738108	1
171	2	0	65	738108	1
152	1	0	242	738108	3
251	1	1	82	738108	3
89	1	0	3	738108	3
216	2	0	58	738108	3
199	2	0	29	738108	3
148	1	1	232	738108	3
192	1	2	218	738108	3
145	0	3	198	738108	3
78	1	0	225	738108	3
93	1	1	135	738108	3
64	1	0	204	738108	3
153	0	6	76	738108	3
77	2	1	54	738108	3
143	0	2	201	738108	3
147	3	1	128	738108	3
14	1	4	6	738108	3
90	1	0	244	738109	1
144	1	1	136	738109	1
172	7	2	68	738109	3
194	2	1	203	738109	3
169	0	1	235	738109	3
101	0	0	223	738109	3
127	0	0	130	738109	3
226	4	0	39	738109	3
75	2	0	67	738109	3
19	4	1	164	738109	3
129	3	2	114	738109	3
4	1	0	7	738109	3
190	1	2	107	738109	3
210	0	10	124	738109	3
23	4	2	195	738110	1
32	1	0	134	738110	1
50	1	0	231	738110	1
176	2	0	88	738110	1
123	0	1	2	738110	1
151	0	0	215	738110	2.5
222	2	1	24	738110	2.5
12	2	2	40	738110	3
160	1	1	100	738110	3
238	3	1	250	738110	3
141	3	1	196	738110	3
173	1	1	43	738110	3
163	1	0	150	738110	3
44	1	0	62	738110	3
70	2	1	87	738110	3
142	1	1	8	738110	3
155	3	0	99	738110	3
140	0	1	72	738110	3
126	0	3	60	738110	3
219	0	3	125	738110	3
202	1	1	18	738110	3
247	0	1	11	738110	3
177	0	1	132	738110	3
131	1	1	80	738110	3
46	2	1	161	738110	3
63	2	1	105	738110	3
184	2	1	71	738110	3
35	0	2	241	738110	3
85	0	2	86	738110	3
182	1	1	27	738110	3
197	2	0	81	738110	3
91	1	3	139	738110	3
167	1	2	189	738110	3
104	2	0	174	738110	3
33	3	0	243	738110	3
246	1	2	189	738110	3
56	0	0	187	738110	3
13	0	0	37	738110	3
53	0	2	73	738110	3
222	3	3	215	738113	2.5
123	4	1	162	738119	1
126	1	1	177	738124	2.5
49	1	0	23	738124	2.5
238	5	1	160	738124	2.5
72	2	1	219	738124	2.5
155	4	0	183	738125	2.5
11	0	1	134	738125	2.5
12	4	0	223	738125	2.5
70	1	0	140	738125	2.5
23	0	0	126	738127	2.5
49	2	1	177	738127	2.5
160	0	1	72	738127	2.5
219	2	0	238	738127	2.5
71	1	1	73	738128	1
134	0	4	155	738128	2.5
183	1	1	11	738128	2.5
140	0	2	12	738128	2.5
223	0	5	70	738128	2.5
177	3	0	23	738130	2.5
49	3	0	126	738130	2.5
219	1	2	160	738130	2.5
238	1	0	72	738130	2.5
134	5	1	183	738131	2.5
155	1	0	11	738131	2.5
12	1	1	70	738131	2.5
140	1	0	223	738131	2.5
161	2	2	53	738132	1
232	0	2	242	738133	1
238	2	1	177	738134	2.5
49	5	0	72	738134	2.5
70	3	1	134	738135	2.5
155	2	2	12	738135	2.5
71	0	1	53	738135	1
238	1	0	70	738139	2.5
49	1	2	12	738139	2.5
49	0	0	70	738142	2.5
238	0	2	12	738142	2.5
80	1	0	35	738142	1
160	0	0	40	738154	1
223	2	3	82	738154	1
150	2	1	57	738155	1
87	0	3	40	738157	1
223	0	0	251	738157	1
203	3	0	99	738158	1
160	1	1	87	738159	1
12	3	0	89	738160	1
203	0	2	99	738161	1
44	2	1	40	738164	3
82	0	1	43	738164	3
216	1	0	251	738165	3
99	1	0	150	738165	3
155	1	0	89	738165	3
57	0	1	87	738165	3
173	1	0	70	738166	3
223	0	0	101	738166	3
12	0	0	217	738166	3
128	1	1	242	738167	1
100	0	1	62	738167	3
238	0	1	152	738167	3
160	0	1	88	738167	3
44	4	1	82	738168	3
43	0	1	40	738168	3
216	0	0	99	738169	3
150	2	1	251	738169	3
155	2	0	57	738169	3
87	1	1	89	738169	3
60	5	1	128	738170	1
173	3	1	223	738170	3
101	0	1	70	738170	3
56	2	1	105	738171	1
189	1	1	184	738171	1
62	2	2	217	738171	3
12	0	1	100	738171	3
88	1	1	152	738171	3
238	4	0	160	738171	3
40	1	1	82	738172	3
44	1	1	43	738172	3
164	2	3	242	738173	1
150	0	0	216	738173	3
251	2	1	99	738173	3
87	2	2	155	738173	3
89	2	3	57	738173	3
70	1	0	223	738174	3
101	0	2	173	738174	3
60	4	0	164	738175	1
189	3	0	131	738175	1
62	3	1	12	738175	3
217	0	1	100	738175	3
88	1	0	238	738175	3
152	2	0	160	738175	3
33	5	0	237	738176	1
126	1	0	242	738176	1
40	1	1	87	738178	3
173	0	1	238	738178	3
44	2	1	57	738179	3
99	0	1	88	738179	3
155	2	1	150	738180	3
216	2	0	43	738180	3
62	0	0	70	738181	3
152	0	0	100	738181	3
23	3	1	242	738182	1
123	4	1	234	738182	1
244	3	0	224	738182	1
131	1	2	161	738182	3
80	1	0	71	738182	3
105	0	2	46	738182	3
63	1	0	184	738182	3
140	0	1	60	738182	3
125	1	0	126	738182	3
72	2	0	219	738182	3
132	2	0	202	738182	3
18	4	0	247	738182	3
11	1	0	177	738182	3
73	1	1	37	738182	3
187	0	1	243	738182	3
53	1	2	13	738182	3
134	3	1	176	738183	1
227	1	0	26	738183	1
56	0	1	189	738183	3
246	4	1	33	738183	3
136	2	0	142	738184	1
170	1	0	159	738184	1
171	4	0	28	738184	1
40	1	0	238	738184	3
44	2	0	88	738184	3
123	3	0	234	738185	1
70	2	1	155	738185	3
216	3	1	100	738185	3
46	2	0	80	738185	3
161	0	0	63	738185	3
184	3	2	131	738185	3
105	0	2	71	738185	3
23	1	0	199	738187	1
136	0	2	142	738187	1
170	1	0	159	738187	1
171	1	1	28	738187	1
227	2	1	97	738187	1
140	1	1	126	738187	3
125	1	0	72	738187	3
219	0	2	60	738187	3
247	3	1	202	738187	3
132	2	0	11	738187	3
177	2	2	18	738187	3
33	2	3	53	738187	3
243	4	1	246	738187	3
13	1	0	56	738187	3
189	1	1	73	738187	3
37	4	0	187	738187	3
40	1	3	216	738188	3
80	3	0	105	738188	3
131	0	1	63	738188	3
71	0	2	46	738188	3
161	1	0	184	738188	3
44	0	0	70	738189	3
44	3	3	40	738191	3
216	0	0	70	738192	3
112	0	2	117	738231	3
185	0	1	176	738232	3
175	1	2	83	738232	3
126	3	1	250	738232	1
159	0	0	215	738233	1
185	1	0	175	738235	3
176	4	0	83	738235	3
23	2	1	122	738237	1
91	0	0	92	738237	1
101	3	0	100	738237	1
94	0	2	43	738237	1
137	1	0	165	738237	1
149	2	0	84	738237	1
163	1	1	172	738237	1
232	3	1	196	738237	1
51	0	1	88	738237	2.5
68	2	4	224	738237	2.5
215	0	0	138	738237	2.5
220	0	3	79	738237	2.5
131	1	1	71	738238	3
161	0	0	80	738238	3
184	1	1	105	738238	3
63	1	0	46	738238	3
140	0	3	219	738238	3
126	1	0	72	738238	3
60	2	0	125	738238	3
202	1	1	11	738238	3
247	0	1	177	738238	3
18	0	2	132	738238	3
117	3	1	229	738238	3
83	1	2	185	738238	3
176	7	1	175	738238	3
56	3	0	33	738238	3
37	4	0	53	738238	3
187	3	1	73	738238	3
243	1	0	189	738238	3
130	0	1	147	738238	3
192	3	1	189	738238	3
225	1	0	197	738238	3
182	2	1	19	738238	3
14	1	0	167	738238	1
96	1	0	65	738238	1
107	0	1	218	738238	1
135	5	0	40	738238	1
141	0	4	29	738238	1
151	2	0	24	738238	1
75	1	1	190	738238	1
228	2	0	170	738238	1
235	3	0	217	738238	1
81	0	0	54	738238	3
164	1	2	50	738238	3
159	3	0	212	738238	2.5
44	0	1	12	738239	3
199	1	1	155	738239	3
70	1	0	216	738239	3
89	0	0	173	738239	3
152	0	1	238	738239	3
13	3	0	246	738239	3
7	1	0	209	738239	1
35	0	1	90	738239	1
43	6	0	143	738239	1
57	2	1	82	738239	1
58	1	3	250	738239	1
86	2	1	62	738239	1
139	1	1	136	738239	1
145	1	3	127	738239	1
153	1	0	21	738239	1
174	2	0	76	738239	1
201	0	1	93	738239	1
210	1	2	144	738239	1
3	0	0	99	738239	1
231	1	1	242	738239	2.5
237	9	0	26	738239	1
244	3	1	195	738239	2.5
8	3	2	101	738240	1
23	1	0	41	738240	1
32	3	0	122	738240	1
196	0	0	223	738240	1
64	1	1	77	738240	1
124	2	1	226	738240	1
85	1	1	128	738240	1
6	2	0	129	738240	1
91	0	0	114	738240	1
142	2	1	172	738240	1
160	2	1	163	738240	1
104	4	2	67	738240	1
49	2	1	39	738240	1
198	2	2	27	738240	1
55	2	1	149	738240	1
78	2	1	4	738240	1
71	1	2	63	738241	3
46	4	0	131	738241	3
105	0	1	161	738241	3
80	5	1	184	738241	3
176	1	0	229	738241	3
117	3	2	185	738241	3
26	0	5	97	738241	1
28	0	3	65	738241	1
29	2	1	250	738241	1
96	2	1	102	738241	1
137	3	2	38	738241	1
141	0	1	217	738241	1
228	1	0	227	738241	1
224	1	0	68	738241	2.5
138	3	1	215	738241	2.5
79	2	1	220	738241	2.5
159	3	3	212	738241	2.5
7	1	0	92	738242	1
43	2	0	210	738242	1
167	1	0	93	738242	1
245	1	2	83	738242	1
12	1	2	44	738243	3
155	4	1	199	738243	3
173	1	1	89	738243	3
216	1	0	70	738243	3
238	0	0	152	738243	3
125	2	0	140	738243	3
219	1	1	126	738243	3
72	1	0	60	738243	3
132	1	1	247	738243	3
177	2	0	202	738243	3
11	1	0	18	738243	3
73	1	1	13	738243	3
189	2	0	187	738243	3
33	0	4	37	738243	3
246	0	1	56	738243	3
53	0	2	243	738243	3
190	2	0	225	738243	3
192	2	0	147	738243	3
4	0	0	90	738243	1
8	0	0	100	738243	1
19	2	2	75	738243	1
21	0	1	139	738243	1
23	0	1	32	738243	1
24	0	0	165	738243	1
27	3	0	40	738243	1
35	1	0	145	738243	1
58	1	2	217	738243	1
64	2	1	39	738243	1
67	3	0	218	738243	1
124	3	0	62	738243	1
114	1	0	143	738243	1
85	0	2	76	738243	1
86	5	0	3	738243	1
129	2	2	201	738243	1
141	1	2	41	738243	1
153	2	0	136	738243	1
160	2	0	142	738243	1
104	1	1	6	738243	1
127	0	1	107	738243	1
174	9	0	14	738243	1
49	0	0	77	738243	1
198	1	0	144	738243	1
55	2	0	84	738243	1
78	5	0	128	738243	1
226	1	1	135	738243	1
232	1	1	223	738243	1
235	1	1	29	738243	1
237	1	1	97	738243	1
189	2	3	130	738243	1
182	1	1	197	738243	1
231	1	0	195	738243	2.5
244	4	2	242	738243	2.5
54	2	0	81	738243	3
50	0	1	164	738243	3
88	2	2	51	738243	2.5
161	2	0	71	738244	3
63	2	0	80	738244	3
184	1	0	46	738244	3
131	2	1	105	738244	3
117	0	5	176	738244	3
71	0	4	96	738269	1
161	0	0	96	738272	1
22	4	2	119	738287	1
69	2	1	213	738287	1
22	1	2	119	738289	1
69	3	1	213	738290	1
168	1	1	157	738296	2.5
31	0	1	157	738297	2.5
168	0	1	31	738298	2.5
163	0	1	79	738299	1
228	3	1	23	738299	1
31	1	0	157	738300	2.5
23	2	0	162	738302	1
149	4	0	38	738302	1
228	1	0	239	738302	1
82	1	1	138	738303	1
122	0	2	134	738303	1
161	2	1	173	738303	1
72	1	1	88	738304	1
82	1	1	138	738305	1
237	1	0	208	738305	1
228	1	2	23	738306	1
130	0	3	13	738307	3
75	1	3	241	738307	3
8	2	1	196	738307	2.5
89	3	0	148	738307	2.5
142	1	0	36	738307	2.5
190	2	1	182	738307	3
18	2	1	134	738307	1
123	0	0	24	738307	1
153	0	1	246	738307	1
136	0	0	55	738307	1
149	2	0	106	738307	1
219	1	0	231	738307	1
80	3	0	155	738307	1
247	2	0	2	738307	1
238	4	0	100	738308	2.5
163	1	1	203	738308	2.5
184	2	0	63	738308	3
26	0	1	10	738308	3
94	2	1	65	738308	3
28	0	2	200	738308	3
98	2	0	96	738308	3
9	0	0	69	738308	3
197	2	1	226	738308	3
78	1	1	192	738308	3
129	2	2	128	738308	3
218	0	1	174	738308	3
77	0	2	225	738308	3
127	0	1	93	738308	3
54	0	2	135	738308	3
90	4	0	91	738308	3
39	1	1	147	738308	3
81	2	0	210	738308	3
45	2	1	234	738308	1
73	1	0	173	738308	1
132	4	1	187	738308	1
60	1	5	37	738308	1
161	0	3	243	738308	1
235	2	2	79	738309	2.5
40	2	0	43	738309	2.5
57	2	0	138	738309	2.5
62	3	1	250	738309	2.5
66	0	1	105	738309	3
22	1	0	213	738309	3
171	2	1	237	738309	3
211	1	1	120	738309	3
119	1	4	34	738309	3
211	0	0	17	738309	3
121	1	1	110	738309	3
64	0	3	19	738309	3
86	1	2	67	738309	3
27	1	4	104	738309	3
50	2	0	21	738309	3
32	0	1	76	738309	3
143	0	2	164	738309	3
139	3	0	7	738309	3
170	0	2	177	738309	1
169	1	1	41	738310	2.5
172	1	1	232	738310	2.5
12	2	0	242	738310	2.5
88	1	0	224	738310	2.5
152	4	0	58	738310	2.5
160	3	0	223	738310	2.5
199	0	1	87	738310	2.5
216	3	1	29	738310	2.5
227	1	1	131	738310	3
71	3	1	92	738310	3
30	0	0	102	738310	3
166	1	2	97	738310	3
107	1	0	124	738310	3
130	1	1	6	738310	3
14	1	0	198	738310	3
85	1	1	35	738310	3
167	2	0	201	738310	3
144	0	2	145	738310	3
189	4	0	114	738310	3
182	1	0	241	738311	3
150	2	1	82	738311	2.5
70	1	0	99	738311	2.5
196	1	1	89	738311	2.5
148	1	1	8	738311	2.5
36	0	0	238	738311	2.5
63	2	0	156	738311	3
65	3	0	26	738311	3
10	1	0	94	738311	3
96	2	0	28	738311	3
200	2	3	98	738311	3
69	1	1	9	738311	3
192	4	0	226	738311	3
197	2	2	78	738311	3
218	4	1	77	738311	3
225	1	2	174	738311	3
54	0	0	127	738311	3
135	0	1	93	738311	3
91	0	2	147	738311	3
39	2	5	90	738311	3
210	0	2	153	738311	3
13	5	0	81	738311	1
161	0	0	73	738311	1
189	1	0	176	738311	1
11	0	1	56	738311	1
80	0	0	243	738311	1
100	2	0	142	738312	2.5
105	1	2	66	738312	3
213	2	2	171	738312	3
237	1	0	22	738312	3
34	2	2	211	738312	3
120	3	2	119	738312	3
17	3	0	211	738312	3
110	1	1	121	738312	3
19	1	2	67	738312	3
64	1	1	86	738312	3
128	1	1	4	738312	3
32	0	0	21	738312	3
76	0	1	50	738312	3
139	1	0	143	738312	3
7	0	0	164	738312	3
60	2	0	53	738312	1
132	0	1	37	738312	1
79	1	3	40	738313	2.5
43	2	0	235	738313	2.5
250	2	1	57	738313	2.5
216	1	0	203	738313	2.5
131	3	1	227	738313	3
92	2	2	71	738313	3
97	2	1	30	738313	3
102	3	2	166	738313	3
6	1	1	124	738313	3
130	2	1	107	738313	3
85	2	0	167	738313	3
35	1	0	201	738313	3
114	0	1	145	738313	3
144	0	6	189	738313	3
136	1	2	123	738314	2.5
134	2	0	170	738314	2.5
84	0	0	108	738314	2.5
165	0	1	183	738314	2.5
228	3	0	151	738314	2.5
244	3	0	222	738314	2.5
106	2	1	2	738314	2.5
122	2	0	45	738314	2.5
23	2	0	24	738314	2.5
149	3	1	239	738314	2.5
231	4	0	162	738314	2.5
195	2	1	55	738314	2.5
242	1	1	172	738314	2.5
232	0	2	12	738314	2.5
58	1	0	88	738314	2.5
87	0	0	160	738314	2.5
223	2	1	199	738314	2.5
29	0	1	163	738314	2.5
182	1	2	104	738314	3
27	6	1	190	738314	3
198	0	1	241	738314	3
75	2	0	14	738314	3
101	5	1	212	738315	2.5
173	2	1	217	738315	2.5
41	0	1	44	738315	2.5
82	2	0	70	738315	2.5
99	1	0	150	738315	2.5
224	1	3	152	738315	2.5
138	0	0	62	738315	2.5
155	2	1	3	738315	2.5
184	5	0	156	738315	3
46	4	0	66	738315	3
26	0	1	94	738315	3
10	0	2	65	738315	3
28	1	1	98	738315	3
17	2	3	209	738315	3
69	0	1	208	738315	3
110	0	3	191	738315	3
192	2	0	197	738315	3
226	0	1	78	738315	3
174	0	0	77	738315	3
225	0	1	218	738315	3
135	3	2	127	738315	3
93	3	0	54	738315	3
91	1	1	39	738315	3
147	0	3	90	738315	3
153	1	2	81	738315	3
176	0	0	177	738315	1
210	0	1	128	738315	1
11	0	1	246	738315	1
80	5	0	92	738316	3
213	0	2	237	738316	3
22	0	2	171	738316	3
200	1	1	96	738316	3
19	1	1	86	738316	3
67	0	1	64	738316	3
4	1	2	129	738316	3
21	0	1	76	738316	3
32	1	1	50	738316	3
164	2	4	139	738316	3
7	2	1	143	738316	3
60	2	2	187	738316	1
53	0	2	238	738316	2.5
132	4	1	89	738316	2.5
136	4	1	170	738317	2.5
123	0	1	134	738317	2.5
165	0	1	84	738317	2.5
108	0	5	183	738317	2.5
222	0	2	228	738317	2.5
244	4	0	151	738317	2.5
45	0	3	106	738317	2.5
122	2	1	2	738317	2.5
24	1	2	239	738317	2.5
149	1	2	23	738317	2.5
55	0	1	231	738317	2.5
195	2	0	162	738317	2.5
161	3	0	227	738317	3
97	2	6	102	738317	3
166	3	2	30	738317	3
120	0	2	34	738317	3
211	8	2	119	738317	3
124	0	0	130	738317	3
107	1	1	6	738317	3
182	1	1	27	738317	3
104	2	2	190	738317	3
241	3	0	14	738317	3
198	3	0	75	738317	3
167	1	1	35	738317	3
201	1	0	85	738317	3
114	2	1	144	738317	3
145	0	2	189	738317	3
73	1	0	43	738317	1
243	5	0	184	738317	1
156	0	0	184	738318	3
65	3	1	10	738318	3
94	2	1	26	738318	3
209	1	1	211	738318	3
208	2	0	9	738318	3
191	6	0	121	738318	3
78	2	0	197	738318	3
226	1	0	192	738318	3
174	3	2	225	738318	3
77	2	2	218	738318	3
127	2	2	54	738318	3
93	2	0	135	738318	3
147	4	0	91	738318	3
90	0	0	39	738318	3
153	1	0	210	738318	3
125	1	2	12	738318	1
18	0	0	189	738319	3
212	0	10	173	738319	2.5
217	2	2	101	738319	2.5
155	2	0	141	738319	2.5
105	2	1	46	738319	3
171	4	0	22	738319	3
237	4	1	213	738319	3
96	2	0	200	738319	3
67	2	0	19	738319	3
86	0	1	64	738319	3
128	2	2	129	738319	3
21	2	0	32	738319	3
50	2	1	76	738319	3
4	0	0	81	738319	1
63	1	0	176	738320	3
136	0	3	134	738320	2.5
123	7	0	170	738320	2.5
183	4	0	84	738320	2.5
165	2	0	108	738320	2.5
151	1	0	222	738320	2.5
244	2	0	228	738320	2.5
2	2	2	45	738320	2.5
122	4	0	106	738320	2.5
23	1	0	239	738320	2.5
149	4	1	24	738320	2.5
162	2	6	55	738320	2.5
195	0	0	231	738320	2.5
131	1	1	161	738320	3
71	1	1	80	738320	3
102	6	0	97	738320	3
98	1	0	28	738320	3
34	2	0	120	738320	3
119	2	0	211	738320	3
124	0	4	107	738320	3
6	5	2	130	738320	3
104	3	2	182	738320	3
190	0	1	27	738320	3
14	1	4	75	738320	3
241	1	1	198	738320	3
35	3	2	85	738320	3
201	0	3	167	738320	3
145	2	2	114	738320	3
189	2	0	144	738320	3
164	2	1	7	738320	3
143	0	2	139	738320	3
53	0	0	89	738320	2.5
132	0	3	238	738320	2.5
60	4	1	70	738320	1
154	0	1	158	738323	2.5
154	3	1	20	738324	2.5
20	0	1	158	738325	2.5
161	0	1	187	738398	1
83	1	0	175	738415	2.5
117	1	0	175	738415	2.5
38	0	3	151	738419	1
106	2	0	162	738419	1
142	0	0	242	738419	1
210	0	0	215	738419	1
247	4	0	55	738419	1
75	3	0	241	738419	3
18	1	0	176	738420	1
45	0	1	24	738420	1
57	0	1	238	738420	1
128	1	0	246	738420	1
227	2	1	171	738420	1
228	1	1	149	738420	2.5
237	1	2	231	738420	2.5
64	2	1	67	738420	3
86	2	0	19	738420	3
27	2	1	182	738420	3
190	0	2	104	738420	3
144	1	1	114	738420	3
189	3	3	145	738420	3
50	2	1	32	738420	3
76	1	2	21	738420	3
139	1	2	164	738420	3
143	0	2	7	738420	3
132	2	0	80	738421	2.5
12	1	0	99	738421	1
13	3	0	105	738421	1
23	1	2	43	738421	1
37	3	0	89	738421	1
44	0	2	244	738421	1
46	2	0	49	738421	1
199	0	1	40	738421	1
70	3	0	172	738421	1
125	1	0	243	738421	1
126	1	1	177	738421	1
134	2	0	219	738421	1
60	2	2	63	738421	1
152	1	0	250	738421	1
155	2	0	53	738421	1
187	1	0	72	738421	1
203	0	0	100	738421	1
11	0	0	73	738421	1
6	0	1	107	738421	3
130	1	0	124	738421	3
35	1	0	167	738421	3
85	1	1	201	738421	3
90	2	0	147	738421	3
39	5	1	91	738421	3
81	2	1	153	738421	3
33	0	2	216	738422	1
56	4	1	96	738422	1
83	2	2	117	738422	2.5
92	1	3	213	738422	1
106	0	0	162	738422	1
122	1	1	55	738422	1
123	3	2	66	738422	1
62	2	1	235	738422	1
137	1	3	151	738422	1
148	3	3	58	738422	1
160	1	0	29	738422	1
161	1	0	189	738422	1
3	4	0	217	738422	1
232	1	0	242	738422	1
245	0	1	185	738422	2.5
197	0	4	192	738422	3
78	1	2	226	738422	3
14	0	5	241	738422	3
75	2	1	198	738422	3
129	2	1	4	738422	3
77	2	1	174	738422	3
218	4	1	225	738422	3
127	2	1	135	738422	3
54	1	0	93	738422	3
228	2	1	237	738423	2.5
149	0	0	231	738423	2.5
176	0	2	18	738423	1
172	0	0	141	738423	1
19	1	3	64	738423	3
67	2	0	86	738423	3
182	0	1	190	738423	3
104	1	0	27	738423	3
114	2	1	189	738423	3
145	1	0	144	738423	3
76	1	1	32	738423	3
21	3	0	50	738423	3
7	1	1	139	738423	3
164	2	0	143	738423	3
82	2	2	223	738424	1
126	1	0	219	738424	1
134	1	0	177	738424	1
124	3	3	6	738424	3
107	0	2	130	738424	3
167	0	2	85	738424	3
201	4	1	35	738424	3
91	1	2	90	738424	3
147	0	1	39	738424	3
210	0	4	81	738424	3
83	0	1	185	738425	2.5
12	2	1	173	738425	1
13	3	0	131	738425	1
23	0	2	184	738425	1
37	5	1	238	738425	1
38	1	0	137	738425	1
40	2	1	57	738425	1
46	0	2	243	738425	1
199	3	0	217	738425	1
63	2	1	244	738425	1
73	0	0	132	738425	2.5
70	3	0	141	738425	1
100	2	2	235	738425	1
89	1	0	171	738425	1
105	2	1	96	738425	1
123	2	1	66	738425	1
125	1	1	216	738425	1
62	3	1	99	738425	1
60	1	0	44	738425	1
142	2	1	232	738425	1
148	3	1	29	738425	1
153	2	1	129	738425	1
160	2	0	58	738425	1
161	2	3	56	738425	1
170	3	1	24	738425	1
187	0	0	155	738425	1
189	4	1	71	738425	1
49	2	2	53	738425	1
11	0	0	80	738425	1
3	1	0	36	738425	1
72	0	4	246	738425	1
247	3	0	122	738425	1
192	0	1	78	738425	3
226	2	1	197	738425	3
198	3	2	14	738425	3
241	0	0	75	738425	3
4	1	1	128	738425	3
174	0	2	218	738425	3
225	1	1	77	738425	3
135	5	1	54	738425	3
93	3	1	127	738425	3
