sel1	gols1	gols2	sel2	data	peso
113	1	2	108	735234	1.0
229	3	0	132	735236	1.0
16	0	1	108	735237	1.0
173	0	0	113	735237	1.0
144	0	1	83	735237	1.0
153	2	1	71	735237	1.0
142	2	3	132	735238	1.0
243	2	0	78	735240	1.0
113	1	1	16	735240	1.0
173	2	0	108	735240	1.0
129	2	1	153	735244	1.0
198	3	1	142	735244	1.0
243	0	0	141	735245	1.0
229	2	1	34	735245	1.0
83	1	0	48	735246	1.0
120	2	0	71	735246	1.0
62	1	0	132	735247	1.0
78	0	0	35	735247	1.0
198	1	1	129	735248	1.0
153	4	2	142	735248	1.0
137	1	2	160	735248	1.0
34	1	1	141	735249	1.0
243	0	0	229	735249	1.0
83	1	1	120	735250	1.0
71	0	1	48	735250	1.0
137	1	2	213	735250	1.0
62	0	1	78	735251	1.0
35	3	2	132	735251	1.0
170	3	0	160	735251	1.0
142	1	2	129	735252	1.0
198	3	1	153	735252	1.0
141	3	1	229	735253	1.0
34	0	1	243	735253	1.0
137	0	1	170	735253	1.0
48	2	2	120	735254	1.0
71	0	1	83	735254	1.0
98	0	2	213	735254	1.0
132	2	4	78	735255	1.0
35	1	2	62	735255	1.0
43	4	0	50	735255	1.0
161	0	0	74	735257	1.0
50	0	1	199	735258	1.0
153	3	3	141	735258	1.0
129	1	2	243	735258	1.0
83	1	0	62	735259	1.0
78	1	1	120	735259	1.0
135	4	0	199	735262	1.0
243	1	1	120	735262	1.0
153	1	1	83	735262	1.0
161	0	0	108	735264	2.5
234	2	0	199	735265	1.0
243	0	1	153	735265	1.0
120	1	1	83	735265	1.0
192	1	3	108	735268	2.5
208	3	2	60	735271	1.0
208	0	0	60	735273	1.0
117	3	1	162	735283	1.0
102	2	0	155	735285	1.0
127	0	0	169	735293	1.0
101	3	2	113	735295	2.5
18	0	2	106	735295	1.0
122	1	1	109	735297	1.0
14	1	0	169	735297	1.0
2	2	0	130	735297	1.0
206	0	5	106	735297	1.0
126	1	4	243	735297	1.0
35	1	1	178	735297	1.0
75	2	0	147	735297	1.0
132	1	1	152	735297	1.0
34	1	1	47	735297	1.0
142	1	1	6	735297	1.0
144	1	1	218	735297	1.0
108	2	1	214	735297	2.5
242	2	1	229	735297	1.0
238	3	1	96	735297	2.5
187	1	1	129	735297	1.0
29	3	0	200	735297	1.0
240	1	2	127	735297	2.5
173	0	0	16	735297	2.5
161	3	1	192	735297	2.5
235	1	1	231	735297	2.5
80	2	0	121	735297	1.0
99	2	2	17	735297	1.0
102	3	1	44	735297	2.5
185	1	0	100	735297	2.5
219	2	5	117	735297	2.5
112	0	0	94	735297	1.0
84	0	2	70	735297	1.0
141	1	1	78	735297	1.0
171	5	1	37	735297	1.0
67	1	0	58	735297	1.0
239	3	1	98	735297	1.0
82	1	0	43	735297	1.0
176	0	0	9	735297	1.0
203	1	0	105	735297	1.0
103	1	2	188	735297	1.0
3	2	0	195	735297	1.0
12	3	4	64	735297	1.0
5	0	3	137	735297	1.0
77	2	1	116	735297	1.0
101	1	2	91	735297	1.0
177	2	0	10	735297	1.0
33	2	1	19	735297	1.0
123	0	0	39	735297	1.0
20	2	2	51	735297	1.0
107	4	2	150	735297	1.0
198	0	5	30	735297	1.0
86	0	2	199	735297	1.0
170	0	1	186	735297	1.0
139	1	0	83	735297	1.0
104	1	3	194	735297	1.0
28	0	2	65	735297	1.0
46	1	1	224	735297	1.0
97	1	2	74	735297	1.0
56	2	2	160	735297	1.0
55	0	0	158	735297	1.0
225	2	1	213	735297	1.0
230	2	0	234	735297	1.0
13	1	1	232	735297	1.0
210	2	2	52	735297	1.0
95	2	1	237	735298	1.0
135	0	0	153	735298	1.0
50	2	1	167	735298	1.0
118	0	1	212	735299	1.0
118	0	0	212	735301	1.0
240	2	0	146	735317	1.0
5	0	1	100	735318	1.0
11	2	2	89	735319	1.0
53	1	0	100	735321	1.0
11	2	0	89	735322	1.0
234	2	2	135	735326	1.0
169	3	0	146	735334	1.0
132	1	0	133	735335	2.5
1	0	0	114	735336	1.0
240	0	0	42	735338	1.0
88	3	2	76	735340	1.0
88	0	1	131	735343	1.0
133	0	2	132	735343	2.5
218	0	3	35	735349	1.0
169	0	0	127	735350	1.0
87	0	0	208	735353	1.0
60	0	2	206	735354	1.0
165	1	1	188	735354	1.0
87	0	1	206	735355	1.0
60	2	3	208	735356	1.0
218	0	0	126	735357	1.0
60	3	5	87	735357	1.0
217	1	0	1	735357	1.0
206	0	0	208	735358	1.0
29	1	4	212	735364	1.0
1	1	0	114	735365	1.0
82	0	0	170	735366	1.0
128	7	1	115	735366	1.0
113	3	2	1	735367	1.0
100	1	1	61	735368	1.0
113	2	2	114	735369	1.0
144	1	0	48	735370	2.5
125	2	1	229	735370	2.5
126	2	0	42	735370	2.5
212	1	1	191	735370	2.5
132	1	0	68	735370	2.5
184	0	2	22	735370	2.5
147	1	1	64	735370	1.0
110	1	0	47	735370	2.5
142	5	0	200	735370	2.5
35	0	0	29	735371	2.5
120	0	0	178	735371	2.5
218	1	0	243	735371	2.5
41	0	0	92	735371	2.5
101	0	0	19	735371	1.0
119	1	0	118	735371	2.5
164	1	0	114	735372	1.0
128	2	3	143	735372	1.0
226	5	1	115	735373	1.0
169	0	0	1	735373	1.0
74	2	2	56	735374	1.0
121	1	5	19	735374	1.0
143	0	2	164	735374	1.0
114	0	2	128	735374	1.0
76	0	0	211	735374	1.0
112	1	6	225	735374	1.0
34	1	1	187	735374	1.0
1	3	1	226	735375	1.0
115	0	2	169	735375	1.0
230	2	1	152	735375	1.0
97	2	2	58	735375	1.0
194	2	0	139	735376	1.0
33	1	1	38	735376	1.0
128	0	0	164	735376	1.0
114	1	0	143	735376	1.0
185	0	4	137	735377	1.0
141	4	0	142	735377	1.0
226	0	2	169	735377	1.0
1	0	0	115	735377	1.0
103	1	2	225	735378	1.0
129	1	2	91	735378	1.0
219	1	1	113	735378	1.0
112	1	3	187	735378	1.0
177	1	0	194	735379	1.0
12	1	1	198	735379	1.0
139	0	0	101	735379	1.0
188	2	1	106	735379	1.0
77	0	2	37	735379	1.0
20	5	1	123	735379	1.0
70	1	1	84	735379	1.0
137	1	1	38	735380	1.0
164	2	0	1	735380	1.0
231	3	4	10	735380	1.0
107	1	0	55	735380	1.0
75	4	0	160	735380	1.0
235	0	1	161	735380	1.0
169	2	2	128	735380	1.0
218	1	0	126	735380	1.0
199	0	1	224	735381	1.0
6	2	0	141	735381	1.0
186	2	2	153	735381	1.0
58	1	0	213	735381	1.0
211	1	0	76	735381	1.0
234	2	0	14	735381	1.0
122	1	0	74	735382	1.0
116	1	1	70	735382	1.0
37	1	2	167	735382	1.0
185	0	2	80	735382	1.0
135	3	0	104	735382	1.0
235	0	1	161	735382	1.0
1	1	1	128	735382	1.0
164	1	0	169	735383	1.0
173	0	0	77	735383	1.0
47	1	1	110	735383	2.5
76	6	0	31	735383	1.0
11	1	0	227	735383	1.0
140	1	0	233	735383	1.0
200	0	0	142	735383	2.5
150	0	0	198	735383	1.0
95	0	2	225	735383	1.0
232	1	0	158	735383	1.0
210	1	0	106	735383	1.0
13	1	1	98	735383	1.0
67	3	0	168	735383	1.0
101	1	1	6	735383	1.0
203	2	0	26	735383	1.0
3	3	1	10	735384	1.0
42	3	1	126	735384	2.5
92	3	1	41	735384	2.5
229	1	0	125	735384	2.5
178	3	0	120	735384	2.5
191	1	0	212	735384	2.5
116	1	0	122	735384	1.0
70	0	2	74	735384	1.0
46	2	2	187	735384	1.0
2	0	1	176	735384	1.0
160	1	1	177	735384	1.0
105	0	0	103	735384	1.0
147	1	0	83	735384	1.0
43	3	2	65	735384	1.0
135	3	1	64	735384	1.0
171	0	0	86	735384	1.0
52	2	1	129	735384	1.0
28	2	1	51	735384	1.0
48	3	0	144	735385	2.5
22	2	0	184	735385	2.5
68	3	0	132	735385	2.5
118	2	0	119	735385	2.5
243	2	2	218	735385	2.5
29	1	0	35	735385	2.5
165	1	1	188	735385	1.0
227	0	6	76	735385	1.0
234	2	1	225	735385	1.0
95	2	4	104	735385	1.0
213	0	2	20	735385	1.0
75	1	1	167	735385	1.0
82	2	2	37	735385	1.0
11	7	0	31	735385	1.0
50	1	3	107	735386	1.0
27	2	1	233	735386	1.0
30	4	0	165	735387	1.0
31	0	2	227	735387	1.0
11	0	2	76	735387	1.0
231	1	0	80	735387	1.0
86	0	0	153	735387	1.0
56	1	2	13	735387	1.0
135	0	1	28	735387	1.0
210	2	0	168	735387	1.0
135	0	1	28	735388	1.0
9	3	0	223	735388	1.0
106	2	2	65	735388	1.0
86	0	0	153	735388	1.0
140	0	0	27	735388	1.0
98	1	0	70	735388	1.0
66	1	2	51	735388	1.0
97	1	0	2	735388	1.0
3	2	1	176	735388	1.0
147	2	0	239	735388	1.0
64	2	2	67	735388	1.0
105	1	1	123	735388	1.0
84	1	0	130	735388	1.0
43	2	0	158	735389	1.0
232	2	0	195	735389	1.0
107	4	3	242	735390	1.0
30	1	0	188	735390	1.0
170	2	1	122	735390	1.0
86	2	1	26	735390	1.0
52	1	0	12	735390	1.0
177	2	0	141	735390	1.0
82	6	1	10	735390	1.0
135	0	1	171	735390	1.0
46	3	0	108	735390	1.0
9	2	0	195	735391	1.0
67	0	0	95	735391	1.0
20	1	0	224	735391	1.0
66	0	2	203	735391	1.0
97	3	0	109	735391	1.0
50	1	1	103	735391	1.0
234	2	1	153	735391	1.0
70	2	1	217	735391	1.0
37	1	0	137	735391	1.0
182	0	3	2	735392	1.0
75	8	0	106	735392	1.0
223	0	2	101	735392	1.0
83	4	0	199	735393	1.0
103	1	5	171	735394	1.0
30	3	1	52	735396	4.0
43	3	1	12	735397	4.0
203	1	5	147	735397	4.0
135	1	0	37	735397	4.0
232	1	3	50	735398	4.0
46	3	0	86	735398	4.0
51	2	1	107	735398	4.0
67	1	2	105	735398	4.0
210	2	1	64	735399	4.0
9	2	1	28	735399	4.0
75	3	0	95	735399	4.0
82	4	0	171	735400	4.0
101	0	0	153	735400	4.0
83	1	2	234	735400	4.0
177	1	1	199	735401	4.0
20	2	1	3	735401	4.0
30	0	0	135	735401	4.0
12	2	3	147	735402	4.0
37	0	4	52	735402	4.0
203	0	2	43	735402	4.0
232	2	1	67	735403	4.0
107	0	0	86	735403	4.0
46	2	1	51	735403	4.0
44	2	0	77	735403	1.0
105	0	1	50	735404	4.0
210	2	5	75	735404	4.0
95	1	2	64	735404	4.0
100	4	0	162	735405	1.0
9	1	0	101	735405	4.0
153	1	0	28	735405	4.0
82	2	2	83	735405	4.0
234	2	2	171	735406	4.0
199	2	4	3	735406	4.0
20	1	0	177	735406	4.0
44	0	0	77	735406	1.0
147	2	0	43	735407	4.0
37	1	4	30	735407	4.0
52	1	3	135	735407	4.0
12	0	3	203	735407	4.0
50	0	0	67	735408	4.0
105	0	1	232	735408	4.0
86	2	1	51	735408	4.0
107	1	4	46	735408	4.0
100	2	0	146	735409	1.0
28	3	1	101	735409	4.0
153	2	3	9	735409	4.0
64	0	0	75	735409	4.0
95	0	3	210	735409	4.0
171	2	1	83	735410	4.0
3	1	1	177	735410	4.0
199	0	1	20	735410	4.0
234	0	1	82	735410	4.0
30	1	1	43	735412	4.0
46	2	0	232	735412	4.0
147	2	1	135	735413	4.0
50	1	1	86	735413	4.0
44	1	3	129	735413	1.0
75	2	0	153	735414	4.0
82	1	1	3	735414	4.0
20	1	1	234	735415	4.0
9	0	0	210	735415	4.0
29	4	2	218	735415	1.0
238	6	0	143	735416	1.0
75	0	1	82	735418	4.0
30	2	1	46	735418	4.0
147	1	1	50	735419	4.0
9	1	0	20	735419	4.0
126	1	1	142	735420	1.0
30	1	7	82	735422	4.0
147	1	1	9	735423	4.0
229	1	0	190	735425	1.0
30	0	3	147	735426	4.0
178	1	0	78	735426	1.0
82	0	0	9	735427	4.0
173	2	2	100	735428	1.0
29	2	0	118	735428	1.0
110	0	0	35	735429	1.0
229	0	0	126	735429	1.0
29	2	0	92	735433	2.5
191	2	0	190	735433	2.5
229	2	0	132	735433	2.5
218	2	2	142	735434	2.5
118	1	0	110	735434	2.5
48	2	0	178	735434	2.5
22	1	0	126	735434	2.5
138	4	0	159	735435	1.0
89	0	0	124	735435	1.0
124	1	2	159	735437	1.0
89	2	0	138	735437	1.0
124	3	2	138	735439	1.0
89	5	0	159	735439	1.0
78	0	1	178	735441	1.0
126	1	1	22	735447	2.5
178	1	1	48	735447	2.5
92	1	1	29	735447	2.5
6	1	0	71	735448	1.0
142	2	1	218	735448	2.5
132	0	1	229	735448	2.5
110	0	0	118	735448	2.5
168	3	0	165	735452	1.0
217	4	1	127	735453	1.0
109	2	1	217	735457	1.0
6	0	0	29	735458	1.0
90	3	0	151	735459	1.0
31	2	4	180	735461	1.0
165	4	0	53	735465	1.0
14	0	0	235	735465	1.0
90	1	0	53	735468	1.0
76	0	1	211	735469	1.0
190	1	2	204	735471	1.0
160	0	0	231	735472	1.0
190	3	0	204	735473	1.0
65	1	0	110	735475	1.0
66	2	0	61	735475	1.0
242	3	1	209	735476	1.0
152	2	0	229	735478	1.0
67	1	0	160	735479	1.0
60	0	0	93	735479	1.0
50	3	0	151	735479	1.0
169	5	1	216	735479	1.0
143	4	1	164	735479	1.0
116	2	0	10	735479	1.0
122	1	1	231	735479	1.0
230	1	0	137	735479	1.0
141	0	0	173	735479	1.0
103	2	0	161	735479	1.0
82	2	4	9	735479	1.0
56	0	1	234	735479	1.0
58	1	2	225	735479	1.0
177	4	0	14	735479	1.0
95	2	0	21	735480	1.0
131	6	0	27	735480	1.0
8	6	0	7	735480	1.0
205	0	0	206	735480	1.0
61	0	1	208	735480	1.0
18	1	1	211	735480	1.0
172	2	2	54	735480	1.0
76	1	1	87	735480	1.0
235	2	0	108	735480	1.0
66	1	2	90	735480	1.0
75	1	0	203	735480	1.0
102	0	2	168	735480	1.0
44	3	1	113	735480	1.0
105	2	0	147	735480	1.0
19	6	1	217	735480	1.0
28	3	0	121	735480	1.0
213	2	0	70	735480	1.0
194	1	0	130	735480	1.0
52	2	0	55	735480	1.0
20	2	0	12	735480	1.0
107	0	2	232	735481	1.0
209	0	3	198	735481	2.5
91	2	1	221	735481	2.5
187	2	0	65	735481	2.5
199	3	1	237	735481	1.0
206	2	0	93	735481	1.0
141	3	0	42	735481	1.0
109	7	1	114	735481	1.0
223	1	1	88	735482	1.0
192	2	1	166	735482	1.0
224	2	1	29	735482	2.5
83	1	1	229	735482	2.5
78	1	0	6	735482	2.5
152	1	3	39	735482	2.5
153	2	3	48	735482	2.5
34	2	0	118	735482	2.5
169	2	2	143	735482	1.0
51	2	1	191	735482	2.5
30	1	0	46	735482	1.0
242	0	0	142	735482	2.5
71	1	2	3	735482	1.0
238	3	1	96	735482	1.0
131	3	2	18	735482	1.0
205	5	0	60	735482	1.0
172	1	2	76	735482	1.0
54	2	1	87	735482	1.0
8	2	1	61	735482	1.0
7	0	4	208	735482	1.0
27	3	2	211	735482	1.0
164	3	3	216	735482	1.0
62	0	2	37	735482	2.5
58	2	1	10	735483	2.5
84	0	7	170	735483	2.5
97	1	2	158	735483	2.5
26	0	4	64	735483	1.0
86	0	1	176	735483	2.5
129	2	0	126	735483	2.5
171	0	1	2	735483	2.5
72	1	3	74	735483	2.5
82	2	1	186	735483	2.5
141	3	0	120	735483	1.0
50	2	2	165	735483	1.0
35	2	0	218	735483	1.0
172	2	2	87	735483	1.0
188	1	1	75	735483	1.0
27	1	4	18	735483	1.0
54	0	0	76	735483	1.0
112	1	0	161	735483	1.0
60	1	2	206	735483	1.0
43	0	0	135	735483	1.0
167	0	0	231	735483	1.0
80	1	2	103	735483	2.5
123	1	1	19	735484	2.5
70	1	0	195	735484	2.5
203	5	1	77	735484	2.5
230	0	1	194	735484	2.5
139	2	0	137	735484	2.5
177	4	0	121	735484	2.5
210	0	2	67	735484	2.5
13	1	1	213	735484	2.5
182	0	2	122	735484	2.5
8	2	1	208	735484	1.0
7	0	10	61	735484	1.0
90	2	1	21	735484	1.0
95	0	1	66	735484	1.0
235	3	1	150	735484	1.0
185	2	3	12	735484	1.0
131	0	0	211	735484	1.0
199	0	1	232	735484	1.0
205	2	0	93	735484	1.0
98	3	0	225	735485	2.5
109	0	0	116	735485	2.5
160	0	2	105	735485	2.5
52	2	0	130	735485	2.5
14	1	2	33	735485	2.5
28	1	2	55	735485	2.5
5	1	2	239	735485	2.5
192	0	0	96	735485	1.0
44	1	1	108	735485	1.0
173	0	2	168	735485	1.0
107	2	2	237	735485	1.0
100	0	0	240	735485	1.0
56	2	1	147	735485	2.5
113	0	1	16	735485	1.0
221	2	3	83	735486	2.5
126	3	2	71	735486	2.5
6	0	3	34	735486	2.5
3	1	0	129	735486	2.5
65	0	1	224	735486	2.5
198	0	0	153	735486	2.5
29	0	2	187	735486	2.5
118	1	1	78	735486	2.5
39	2	1	242	735486	2.5
144	1	1	212	735486	1.0
191	0	2	62	735486	2.5
142	1	1	152	735486	2.5
43	1	0	94	735486	1.0
30	1	0	64	735486	1.0
26	0	1	135	735486	1.0
38	3	1	106	735486	1.0
48	2	0	209	735486	2.5
37	4	1	51	735486	2.5
229	2	0	91	735486	2.5
165	2	0	151	735487	1.0
66	2	0	21	735487	1.0
95	0	2	90	735487	1.0
95	1	0	151	735490	1.0
90	1	2	50	735490	1.0
66	0	1	165	735490	1.0
100	2	0	127	735490	1.0
127	4	1	36	735496	1.0
31	0	6	208	735497	1.0
100	1	0	36	735501	1.0
29	1	0	243	735506	1.0
173	3	0	235	735512	1.0
99	2	3	164	735512	1.0
216	0	2	36	735514	1.0
223	6	1	61	735514	1.0
88	3	1	208	735514	1.0
131	1	1	54	735514	1.0
94	2	2	76	735514	1.0
8	2	1	206	735514	1.0
205	2	3	18	735514	1.0
121	0	0	139	735515	2.5
67	5	0	182	735515	2.5
122	1	0	70	735515	2.5
195	1	0	210	735515	2.5
141	4	0	41	735515	1.0
213	1	1	177	735515	2.5
77	3	2	123	735515	2.5
19	0	2	230	735515	2.5
173	5	0	117	735515	1.0
137	1	2	13	735515	2.5
194	2	1	203	735515	2.5
240	1	1	102	735516	1.0
130	0	3	160	735516	2.5
33	0	1	52	735516	2.5
118	0	0	6	735516	2.5
187	0	0	224	735516	2.5
55	1	2	104	735516	2.5
20	6	0	5	735516	2.5
225	1	2	56	735516	2.5
29	0	2	65	735516	2.5
116	0	3	98	735516	2.5
147	3	1	109	735516	2.5
239	0	0	28	735516	2.5
44	3	0	219	735516	1.0
199	2	0	167	735516	1.0
105	2	1	14	735516	2.5
108	0	1	113	735516	1.0
231	0	0	12	735516	1.0
161	3	4	50	735516	1.0
107	1	0	106	735516	1.0
185	1	1	232	735516	1.0
96	2	1	192	735516	1.0
76	1	2	205	735516	1.0
223	2	0	206	735516	1.0
135	2	0	95	735516	1.0
235	0	0	16	735516	1.0
176	1	1	97	735517	2.5
74	1	1	86	735517	2.5
91	1	1	83	735517	2.5
62	1	2	51	735517	2.5
2	1	1	58	735517	2.5
186	1	0	80	735517	2.5
170	2	0	82	735517	2.5
158	2	0	72	735517	2.5
10	1	1	188	735517	2.5
126	0	2	3	735517	2.5
48	0	2	198	735517	2.5
191	0	0	37	735517	2.5
229	0	1	221	735517	2.5
103	7	0	84	735517	2.5
142	2	0	39	735517	2.5
61	0	0	8	735517	1.0
208	1	0	54	735517	1.0
30	2	0	9	735517	1.0
94	4	2	18	735517	1.0
88	1	2	131	735517	1.0
209	1	0	153	735517	2.5
75	2	1	171	735517	1.0
46	3	0	66	735517	1.0
78	2	0	34	735517	2.5
152	0	0	242	735517	2.5
71	0	2	129	735517	2.5
234	1	1	64	735517	1.0
43	3	0	168	735517	1.0
115	3	2	36	735518	1.0
141	5	0	132	735518	1.0
220	4	2	32	735518	1.0
13	1	0	139	735518	2.5
70	0	1	67	735518	2.5
177	1	1	137	735518	2.5
213	2	0	121	735518	2.5
123	0	4	203	735518	2.5
19	1	3	194	735518	2.5
223	1	0	8	735518	1.0
230	1	0	77	735518	2.5
162	0	2	164	735518	1.0
135	1	0	165	735518	1.0
206	2	3	61	735518	1.0
88	0	1	54	735518	1.0
131	4	3	208	735518	1.0
94	0	0	205	735518	1.0
18	0	2	76	735518	1.0
218	4	1	22	735518	1.0
169	5	0	166	735518	1.0
122	0	2	195	735518	2.5
5	1	4	104	735519	2.5
28	1	1	20	735519	2.5
239	2	1	55	735519	2.5
130	0	1	105	735519	2.5
52	6	0	14	735519	2.5
116	1	1	225	735519	2.5
98	2	0	147	735519	2.5
141	3	0	110	735519	1.0
108	1	1	113	735519	1.0
161	0	3	232	735519	1.0
109	2	4	56	735519	2.5
160	2	1	33	735519	2.5
143	0	0	220	735520	1.0
82	1	1	103	735520	2.5
84	0	3	80	735520	2.5
170	2	2	186	735520	2.5
72	0	1	97	735520	2.5
86	0	2	158	735520	2.5
188	3	0	2	735520	2.5
182	0	4	210	735520	2.5
58	0	1	171	735520	2.5
32	2	4	115	735520	1.0
74	0	2	176	735520	2.5
124	2	2	192	735520	1.0
10	0	3	75	735520	1.0
231	0	4	235	735520	1.0
185	1	1	117	735520	1.0
234	1	1	95	735520	1.0
199	1	3	50	735520	1.0
16	0	0	102	735520	1.0
107	0	4	30	735520	1.0
173	1	0	12	735520	1.0
96	0	7	9	735520	1.0
44	2	1	167	735520	1.0
39	1	0	142	735521	2.5
83	3	1	91	735521	2.5
221	1	0	229	735521	2.5
242	3	0	152	735521	2.5
51	3	4	62	735521	2.5
224	1	0	187	735521	2.5
65	2	0	29	735521	2.5
6	4	0	118	735521	2.5
43	2	2	26	735521	1.0
153	3	1	209	735521	2.5
3	3	0	126	735521	2.5
38	0	1	46	735521	1.0
129	2	3	71	735521	2.5
198	0	0	48	735521	2.5
37	2	0	191	735521	2.5
34	1	1	78	735521	2.5
168	1	0	90	735521	1.0
66	1	5	64	735521	1.0
212	0	2	243	735521	1.0
32	1	3	143	735522	1.0
220	2	3	36	735522	1.0
36	0	1	143	735524	1.0
115	2	0	220	735524	1.0
143	2	1	115	735526	1.0
36	1	0	32	735526	1.0
17	1	1	204	735530	1.0
242	1	1	51	735531	1.0
17	1	0	204	735533	1.0
169	3	0	146	735537	1.0
155	0	1	113	735537	1.0
16	2	2	155	735539	1.0
113	1	1	240	735541	1.0
173	3	1	155	735543	1.0
185	2	0	164	735543	1.0
231	3	2	117	735543	1.0
16	2	0	192	735544	1.0
161	2	0	240	735544	1.0
238	1	3	164	735546	1.0
229	3	0	71	735546	1.0
219	3	0	169	735546	1.0
127	0	3	214	735548	1.0
54	2	3	223	735548	1.0
100	4	0	220	735548	1.0
53	1	1	76	735549	1.0
9	2	1	52	735549	1.0
147	2	3	135	735549	1.0
20	3	1	98	735549	1.0
160	0	1	70	735549	1.0
225	0	4	30	735549	1.0
94	2	2	8	735549	1.0
216	1	2	89	735550	1.0
240	0	0	16	735550	1.0
185	1	1	173	735550	1.0
232	1	1	50	735550	1.0
223	4	2	76	735550	1.0
141	6	1	22	735550	1.0
192	2	0	115	735550	1.0
155	2	1	96	735550	1.0
106	1	1	131	735550	1.0
82	4	0	84	735551	2.5
131	0	3	94	735551	1.0
29	0	0	224	735551	2.5
188	1	3	58	735551	2.5
171	1	0	10	735551	2.5
176	2	0	158	735551	2.5
97	1	0	74	735551	2.5
86	0	1	72	735551	2.5
186	1	0	103	735551	2.5
75	1	1	2	735551	1.0
80	0	4	170	735551	2.5
231	0	0	161	735551	1.0
169	3	0	36	735551	1.0
234	1	2	46	735551	1.0
107	6	0	95	735551	1.0
44	1	1	150	735551	1.0
167	2	1	168	735551	1.0
108	0	1	199	735551	1.0
54	2	3	53	735551	1.0
102	0	1	113	735551	1.0
191	1	5	51	735551	2.5
229	1	0	83	735552	2.5
182	0	0	70	735552	2.5
210	4	0	122	735552	2.5
13	1	0	177	735552	2.5
221	1	4	91	735552	2.5
39	3	1	152	735552	2.5
126	2	0	129	735552	2.5
65	0	1	187	735552	2.5
77	0	2	194	735552	2.5
142	0	1	242	735552	2.5
139	1	1	213	735552	2.5
203	3	0	19	735552	2.5
137	0	1	121	735552	2.5
198	2	1	209	735552	2.5
67	3	1	195	735552	2.5
66	1	3	165	735552	1.0
106	3	0	8	735552	1.0
76	4	1	54	735552	1.0
43	5	0	237	735552	1.0
100	0	2	214	735552	1.0
6	0	0	78	735552	2.5
37	1	0	62	735552	2.5
3	3	1	71	735552	2.5
48	0	2	153	735552	2.5
118	0	1	34	735552	2.5
123	0	3	230	735552	2.5
33	1	1	130	735553	2.5
225	3	1	109	735553	2.5
55	5	0	5	735553	2.5
104	3	0	28	735553	2.5
105	1	1	52	735553	2.5
147	6	0	116	735553	2.5
56	2	1	98	735553	2.5
185	3	0	16	735553	1.0
20	0	0	239	735553	2.5
240	0	0	173	735553	1.0
216	0	1	96	735553	1.0
89	1	5	155	735553	1.0
212	1	1	218	735553	1.0
238	3	1	127	735553	1.0
8	0	2	131	735553	1.0
53	0	0	223	735553	1.0
14	0	1	160	735553	2.5
102	1	1	161	735554	1.0
192	4	2	36	735554	1.0
231	2	2	113	735554	1.0
170	2	2	210	735554	1.0
106	2	0	94	735554	1.0
168	2	1	167	735555	1.0
97	1	2	177	735555	1.0
53	1	2	94	735555	1.0
195	0	1	46	735555	1.0
203	0	1	82	735555	1.0
230	0	0	122	735555	1.0
70	1	0	108	735555	1.0
9	0	1	171	735555	1.0
105	1	0	2	735555	1.0
75	1	0	213	735555	1.0
219	2	0	150	735555	1.0
44	0	0	95	735555	1.0
26	3	2	237	735555	1.0
19	3	2	135	735555	1.0
86	0	2	188	735555	1.0
43	1	2	232	735555	1.0
103	4	1	234	735555	1.0
101	1	0	199	735555	1.0
176	2	0	58	735555	1.0
194	2	1	74	735555	1.0
186	1	3	67	735555	1.0
13	1	2	30	735555	1.0
165	0	0	38	735555	1.0
151	0	2	66	735555	1.0
107	2	1	12	735555	1.0
51	0	0	37	735556	2.5
71	0	0	126	735556	2.5
209	0	1	48	735556	2.5
78	4	2	118	735556	2.5
83	3	1	221	735556	2.5
129	2	0	3	735556	2.5
153	2	2	198	735556	2.5
62	3	1	191	735556	2.5
16	0	0	173	735556	1.0
34	1	1	6	735556	2.5
96	0	0	89	735556	1.0
242	1	0	39	735556	2.5
224	2	1	65	735556	2.5
152	1	1	142	735556	2.5
187	3	0	29	735556	2.5
91	2	0	229	735556	2.5
185	1	0	240	735556	1.0
216	0	0	155	735556	1.0
106	1	1	223	735556	1.0
231	2	0	102	735557	1.0
113	0	5	161	735557	1.0
169	4	1	115	735559	1.0
238	2	2	100	735559	1.0
192	1	2	219	735560	1.0
161	1	3	173	735560	1.0
185	3	2	231	735560	1.0
127	0	0	143	735560	1.0
231	1	0	161	735561	1.0
238	3	0	115	735562	1.0
169	4	0	100	735562	1.0
127	2	3	219	735563	1.0
143	2	4	192	735563	1.0
185	1	2	173	735563	1.0
238	3	1	169	735565	1.0
100	5	1	115	735565	1.0
192	1	3	127	735566	1.0
219	2	0	143	735566	1.0
198	2	0	51	735567	1.0
169	0	0	219	735573	1.0
127	1	2	238	735574	1.0
219	3	0	169	735577	1.0
238	2	4	127	735578	1.0
44	4	0	114	735580	1.0
235	1	0	164	735580	1.0
44	2	0	114	735584	1.0
219	2	0	127	735584	1.0
127	3	2	219	735587	1.0
108	2	1	235	735588	1.0
44	0	0	164	735588	1.0
102	1	1	113	735589	1.0
102	1	0	235	735592	1.0
173	3	0	70	735594	1.0
235	0	0	102	735595	1.0
231	1	0	108	735597	1.0
16	4	1	185	735597	1.0
173	2	2	161	735598	1.0
44	4	1	161	735601	1.0
198	1	0	242	735602	1.0
16	1	0	108	735602	1.0
102	0	1	101	735602	1.0
185	0	2	199	735602	1.0
37	1	1	62	735605	1.0
39	1	1	68	735605	1.0
187	1	0	78	735607	1.0
12	4	1	113	735607	3.0
185	0	1	44	735608	3.0
235	1	0	155	735608	3.0
199	1	0	161	735608	3.0
34	5	1	212	735608	1.0
37	1	1	198	735608	1.0
39	3	2	48	735608	1.0
153	0	1	51	735609	1.0
224	1	1	3	735609	1.0
231	4	1	173	735609	3.0
101	2	0	16	735609	3.0
107	4	0	164	735610	3.0
108	0	1	102	735610	3.0
187	5	2	91	735611	1.0
29	0	2	34	735611	1.0
113	0	1	199	735611	3.0
161	0	4	12	735611	3.0
129	0	3	198	735612	1.0
44	2	1	235	735612	3.0
155	1	4	185	735612	3.0
213	2	0	51	735613	1.0
16	1	2	231	735613	3.0
173	0	1	101	735613	3.0
38	1	2	98	735614	1.0
164	1	5	108	735614	3.0
102	0	1	107	735614	3.0
153	2	0	240	735615	1.0
161	1	0	113	735615	3.0
12	0	1	199	735615	3.0
34	0	2	78	735615	3.0
68	1	1	48	735615	3.0
224	1	1	39	735616	3.0
242	1	1	62	735616	3.0
44	2	1	155	735616	3.0
235	3	1	185	735616	3.0
213	0	1	74	735617	1.0
38	1	1	98	735617	1.0
101	1	0	231	735617	3.0
3	3	1	198	735617	3.0
83	1	2	187	735617	3.0
173	1	2	16	735617	3.0
51	1	1	91	735618	3.0
129	1	1	37	735618	3.0
107	2	0	108	735618	3.0
102	2	0	164	735618	3.0
78	0	1	48	735619	3.0
68	0	0	34	735619	3.0
39	0	0	62	735620	3.0
242	1	2	224	735620	3.0
199	0	0	235	735620	3.0
74	0	0	240	735620	1.0
44	0	2	12	735620	3.0
83	1	0	3	735621	3.0
107	1	1	231	735621	3.0
198	1	1	187	735621	3.0
101	1	1	102	735621	3.0
37	1	1	91	735622	3.0
51	1	1	129	735622	3.0
48	2	1	34	735623	3.0
78	0	2	68	735623	3.0
39	0	0	242	735624	3.0
199	2	0	102	735624	3.0
62	1	1	224	735624	3.0
187	0	2	3	735625	3.0
198	1	2	83	735625	3.0
12	2	0	231	735625	3.0
43	3	2	234	735626	1.0
91	1	1	129	735626	3.0
37	0	1	51	735626	3.0
54	1	1	11	735628	1.0
211	3	0	27	735628	1.0
102	2	3	231	735628	3.0
48	2	4	62	735629	3.0
224	1	1	68	735629	3.0
199	1	1	12	735629	3.0
54	4	1	27	735630	1.0
211	1	0	11	735630	1.0
51	3	1	3	735630	3.0
83	3	0	91	735630	3.0
18	2	2	93	735631	1.0
17	1	0	204	735631	1.0
95	2	3	237	735633	1.0
62	1	3	51	735633	3.0
83	3	0	68	735634	3.0
162	2	1	1	735635	1.0
62	1	1	68	735636	3.0
176	0	0	33	735636	1.0
51	1	1	83	735637	3.0
234	2	0	165	735637	1.0
237	2	1	95	735641	1.0
176	2	1	137	735643	1.0
137	1	1	109	735647	1.0
7	1	0	31	735657	1.0
190	0	2	110	735657	1.0
7	3	1	31	735658	1.0
18	3	1	208	735663	1.0
23	2	2	87	735664	1.0
23	2	0	87	735665	1.0
18	2	2	208	735665	1.0
240	3	1	162	735669	2.5
216	0	1	32	735669	2.5
99	2	0	146	735669	2.5
36	3	0	124	735669	2.5
220	4	1	138	735669	2.5
204	0	1	24	735669	2.5
8	1	0	60	735672	1.0
24	2	1	204	735674	2.5
138	0	1	220	735674	2.5
124	1	1	36	735674	2.5
32	0	2	216	735674	2.5
146	0	0	99	735674	2.5
8	1	0	31	735679	1.0
93	2	0	206	735680	1.0
18	0	1	233	735680	2.5
162	0	0	240	735680	2.5
151	5	0	7	735681	2.5
205	6	2	227	735681	2.5
186	1	0	158	735682	1.0
153	0	1	229	735682	1.0
212	1	3	198	735682	1.0
78	4	3	129	735682	1.0
133	2	2	35	735682	1.0
61	0	3	53	735682	1.0
80	2	0	130	735682	1.0
82	2	2	12	735682	1.0
58	3	2	234	735682	1.0
100	0	1	37	735682	1.0
76	3	1	95	735683	1.0
161	6	0	127	735683	1.0
108	0	1	214	735683	1.0
233	0	4	18	735683	2.5
15	0	5	23	735683	2.5
21	0	0	40	735683	2.5
219	2	0	192	735683	1.0
16	0	6	46	735683	1.0
51	2	0	6	735683	1.0
65	2	0	68	735683	1.0
75	1	3	30	735683	1.0
128	0	2	217	735683	1.0
101	2	0	43	735683	1.0
173	1	0	3	735683	1.0
67	4	0	122	735684	2.5
77	1	2	19	735684	2.5
210	3	0	70	735684	2.5
194	3	0	123	735684	2.5
121	0	5	13	735684	2.5
195	6	0	182	735684	2.5
139	0	3	177	735684	2.5
137	0	2	213	735684	2.5
203	1	0	230	735684	2.5
227	2	6	205	735684	2.5
38	1	0	90	735684	1.0
31	2	3	60	735684	2.5
50	0	0	167	735684	1.0
107	2	0	224	735684	1.0
79	1	0	132	735684	1.0
44	2	2	94	735684	1.0
223	0	1	165	735684	1.0
199	1	1	235	735684	1.0
147	1	1	225	735685	2.5
14	2	0	130	735685	2.5
52	5	1	160	735685	2.5
33	2	2	105	735685	2.5
104	0	3	239	735685	2.5
20	5	0	55	735685	2.5
56	1	1	116	735685	2.5
109	0	3	98	735685	2.5
96	1	0	89	735685	1.0
54	2	1	140	735685	2.5
102	2	1	62	735685	1.0
141	0	1	232	735685	1.0
83	1	2	187	735685	1.0
106	2	1	237	735685	1.0
5	0	3	28	735685	2.5
133	1	1	221	735685	1.0
186	6	1	84	735686	2.5
176	1	0	72	735686	2.5
80	0	2	82	735686	2.5
242	2	0	178	735686	1.0
103	1	1	170	735686	2.5
171	2	1	188	735686	2.5
2	2	1	10	735686	2.5
97	0	0	86	735686	2.5
158	2	1	74	735686	2.5
23	3	0	15	735686	2.5
218	1	1	126	735686	1.0
29	1	2	142	735686	1.0
66	0	2	9	735686	1.0
60	0	0	31	735686	2.5
75	2	0	58	735686	1.0
51	1	1	68	735686	1.0
135	1	0	64	735686	1.0
7	0	3	151	735686	2.5
198	1	1	153	735686	1.0
93	2	0	87	735686	1.0
30	1	0	43	735686	1.0
161	1	4	3	735687	1.0
40	1	1	21	735687	2.5
95	3	0	76	735687	1.0
16	2	1	169	735687	1.0
106	3	0	53	735687	1.0
19	0	0	78	735687	1.0
46	3	1	113	735687	1.0
219	2	3	37	735687	1.0
100	2	1	143	735687	1.0
185	2	1	108	735687	1.0
77	0	0	12	735687	1.0
173	1	0	195	735687	1.0
147	2	0	203	735688	1.0
123	1	2	225	735688	1.0
171	0	2	39	735688	1.0
44	1	1	224	735688	1.0
132	2	0	152	735688	1.0
217	2	3	214	735688	1.0
177	0	0	109	735688	1.0
102	1	0	62	735688	1.0
192	2	2	89	735688	1.0
121	1	0	182	735688	1.0
104	0	1	20	735688	2.5
199	1	0	150	735688	1.0
194	1	0	56	735688	1.0
165	2	1	50	735688	1.0
114	0	0	1	735688	1.0
168	0	1	237	735688	1.0
13	1	1	28	735688	1.0
105	1	1	67	735688	1.0
213	3	1	101	735688	1.0
107	5	1	235	735688	1.0
70	1	1	98	735688	1.0
83	1	1	129	735688	1.0
172	0	3	38	735688	1.0
210	1	1	234	735688	1.0
230	1	1	116	735688	1.0
9	2	1	64	735689	1.0
135	1	0	167	735689	1.0
66	0	0	90	735689	1.0
140	2	2	54	735689	2.5
234	2	0	135	735703	1.0
211	1	0	93	735719	1.0
242	2	0	126	735728	1.0
18	1	3	205	735728	1.0
87	2	3	208	735730	1.0
109	0	0	34	735730	1.0
61	6	0	40	735731	1.0
206	1	1	60	735731	1.0
87	1	2	60	735732	1.0
206	1	2	208	735732	1.0
118	0	0	198	735732	1.0
206	0	2	87	735734	1.0
208	1	0	60	735734	1.0
118	1	1	198	735734	1.0
144	0	0	190	735735	1.0
243	2	0	133	735735	1.0
238	1	1	155	735735	1.0
218	0	1	212	735736	1.0
118	1	2	125	735736	1.0
190	0	1	243	735737	1.0
144	2	0	133	735737	1.0
125	2	0	218	735738	1.0
118	0	2	212	735738	1.0
219	0	1	155	735738	1.0
190	0	1	133	735739	1.0
144	4	1	243	735739	1.0
125	1	1	212	735740	1.0
118	1	0	218	735740	1.0
198	1	1	29	735742	1.0
242	1	1	144	735742	1.0
117	2	2	214	735742	1.0
219	1	0	238	735742	2.5
83	1	2	125	735743	1.0
142	1	1	126	735743	1.0
198	1	1	126	735745	1.0
83	0	3	242	735745	1.0
125	2	3	144	735746	1.0
29	1	2	142	735746	1.0
242	0	1	126	735747	1.0
115	0	2	1	735747	1.0
125	2	1	29	735748	1.0
144	2	0	142	735748	1.0
16	0	0	161	735748	1.0
17	1	2	192	735748	1.0
108	0	0	117	735748	1.0
135	3	0	90	735748	1.0
95	2	0	66	735749	1.0
158	1	1	173	735749	1.0
36	1	1	115	735751	1.0
17	1	1	1	735751	1.0
168	1	1	135	735752	1.0
165	1	1	64	735752	1.0
103	0	0	158	735753	1.0
36	1	0	143	735754	1.0
219	1	1	16	735754	1.0
147	3	4	234	735754	1.0
161	1	2	214	735754	1.0
97	4	0	122	735754	1.0
186	1	0	173	735754	1.0
108	2	2	113	735754	1.0
192	5	1	32	735755	1.0
34	2	3	37	735755	1.0
64	4	0	165	735755	1.0
42	2	1	91	735755	1.0
152	2	1	78	735755	1.0
129	2	2	120	735755	1.0
127	0	0	96	735755	1.0
46	1	0	50	735755	1.0
23	1	1	172	735755	1.0
167	2	2	95	735755	1.0
232	5	1	90	735755	1.0
43	1	0	66	735755	1.0
5	0	1	68	735755	1.0
54	1	0	223	735755	1.0
71	0	1	242	735756	1.0
103	0	0	67	735756	1.0
132	1	0	187	735756	1.0
52	4	0	84	735756	1.0
110	2	0	200	735756	1.0
30	2	0	135	735756	1.0
177	4	2	19	735756	1.0
75	3	4	20	735756	1.0
9	5	0	26	735756	1.0
188	4	1	14	735756	1.0
178	2	0	218	735756	1.0
160	0	0	213	735757	1.0
58	2	1	139	735757	1.0
83	1	0	221	735757	1.0
65	2	1	126	735757	1.0
225	4	0	33	735757	1.0
130	2	0	122	735757	1.0
151	1	0	211	735757	2.5
62	1	1	37	735758	1.0
123	0	0	137	735758	1.0
229	1	1	79	735758	1.0
74	0	2	70	735758	1.0
80	1	2	230	735758	1.0
82	1	2	234	735759	1.0
210	3	0	121	735759	1.0
30	1	0	95	735759	1.0
208	2	2	93	735759	2.5
99	1	2	161	735760	2.5
1	0	6	214	735760	2.5
11	0	2	18	735760	2.5
217	1	3	108	735760	2.5
117	0	1	113	735760	2.5
169	2	1	16	735760	2.5
127	1	1	220	735760	2.5
36	0	4	192	735760	2.5
89	1	0	226	735760	2.5
17	1	3	114	735760	2.5
61	1	2	21	735760	2.5
235	0	1	101	735760	1.0
199	3	0	231	735760	1.0
203	2	1	50	735760	1.0
185	3	2	164	735760	2.5
107	4	0	102	735760	1.0
54	0	0	53	735760	2.5
240	0	1	155	735760	2.5
128	0	1	173	735760	2.5
115	2	2	143	735760	2.5
96	7	0	24	735760	2.5
8	1	3	206	735760	2.5
160	0	0	14	735761	2.5
52	1	1	105	735761	2.5
109	0	1	225	735761	2.5
28	3	1	104	735761	2.5
116	0	2	147	735761	2.5
130	0	1	33	735761	2.5
60	0	2	38	735761	2.5
239	1	0	20	735761	2.5
141	1	0	120	735761	2.5
91	1	2	212	735761	2.5
43	2	0	64	735761	3.0
98	2	1	56	735761	2.5
205	2	2	66	735761	2.5
224	8	1	59	735761	2.5
5	1	3	55	735761	2.5
39	7	1	184	735762	2.5
84	0	7	82	735762	2.5
58	2	0	188	735762	2.5
170	4	0	80	735762	2.5
90	0	0	23	735762	2.5
72	2	1	86	735762	2.5
103	1	1	186	735762	2.5
3	4	0	190	735762	2.5
10	2	3	171	735762	2.5
129	2	0	200	735762	2.5
158	0	0	176	735762	2.5
34	2	0	47	735762	2.5
9	2	2	167	735762	3.0
6	4	0	41	735762	2.5
172	1	0	87	735762	2.5
135	0	0	26	735762	3.0
232	1	0	106	735762	3.0
153	2	0	42	735762	2.5
187	3	1	35	735762	2.5
74	0	1	97	735762	2.5
242	0	0	92	735762	2.5
229	2	0	29	735762	2.5
198	0	0	79	735762	2.5
2	1	0	75	735762	1.0
126	1	2	243	735762	2.5
19	0	1	203	735763	2.5
121	1	1	137	735763	2.5
177	0	1	13	735763	2.5
122	1	2	210	735763	2.5
195	2	3	67	735763	2.5
70	2	0	182	735763	2.5
230	3	0	123	735763	2.5
62	2	1	125	735763	2.5
213	3	1	139	735763	2.5
71	2	1	118	735763	2.5
65	3	0	218	735763	2.5
194	2	1	77	735763	2.5
78	0	0	51	735763	2.5
221	2	1	119	735763	2.5
83	7	1	133	735763	2.5
68	1	1	22	735763	2.5
152	1	0	144	735763	2.5
37	1	0	132	735763	2.5
142	0	1	178	735763	2.5
46	0	1	237	735763	3.0
30	2	1	168	735763	3.0
53	1	1	54	735763	2.5
209	1	0	191	735763	2.5
48	1	1	110	735763	2.5
18	1	0	11	735764	2.5
64	2	3	26	735764	3.0
93	4	4	208	735764	2.5
21	3	0	61	735764	2.5
206	1	4	8	735764	2.5
141	1	1	224	735764	1.0
155	4	2	235	735765	2.5
143	0	2	199	735765	2.5
24	0	6	44	735765	2.5
36	0	1	1	735765	2.5
216	0	2	219	735765	2.5
170	0	0	86	735765	1.0
167	1	0	106	735765	3.0
43	3	3	135	735765	3.0
220	0	1	231	735765	2.5
89	2	1	99	735765	2.5
127	0	6	164	735765	2.5
226	1	1	101	735765	2.5
114	1	2	12	735765	2.5
17	1	1	217	735765	2.5
211	1	3	151	735765	2.5
240	0	2	169	735765	2.5
115	0	2	117	735765	2.5
87	2	0	172	735765	2.5
107	0	0	192	735765	2.5
96	2	0	128	735765	2.5
23	0	1	90	735765	2.5
198	2	1	6	735765	1.0
105	0	1	171	735765	1.0
108	3	0	223	735765	1.0
66	4	1	205	735766	2.5
38	4	0	60	735766	2.5
9	1	0	232	735766	3.0
120	1	0	224	735767	1.0
30	0	1	46	735767	3.0
224	0	1	120	735768	1.0
92	1	1	129	735768	1.0
135	1	2	64	735768	3.0
168	1	0	237	735768	3.0
187	3	1	79	735769	1.0
232	1	1	167	735769	3.0
43	5	0	26	735769	3.0
198	3	0	133	735769	1.0
142	5	1	190	735769	1.0
218	0	3	229	735769	1.0
9	1	0	106	735769	3.0
71	2	0	110	735770	1.0
46	0	0	168	735770	3.0
243	2	0	47	735770	1.0
59	1	2	35	735770	1.0
30	2	1	237	735770	3.0
132	2	1	191	735770	1.0
141	3	0	120	735770	1.0
212	2	2	6	735770	1.0
144	2	1	242	735770	1.0
118	0	0	29	735770	1.0
91	3	1	119	735771	1.0
43	1	0	232	735774	3.0
26	1	3	168	735775	3.0
135	2	2	50	735776	1.0
9	1	1	46	735776	3.0
30	1	1	167	735776	3.0
43	2	1	168	735779	3.0
9	6	1	167	735780	3.0
135	0	0	95	735781	1.0
133	0	2	198	735782	1.0
229	1	1	218	735782	1.0
190	0	4	142	735782	1.0
110	0	0	71	735782	1.0
242	1	1	144	735782	1.0
119	1	1	91	735782	1.0
47	0	0	243	735782	1.0
129	3	1	92	735782	1.0
35	2	0	59	735782	1.0
79	0	1	187	735782	1.0
191	0	2	132	735782	1.0
234	4	0	90	735783	1.0
6	2	0	212	735783	1.0
168	2	0	167	735783	3.0
43	1	1	9	735783	3.0
29	1	1	118	735784	1.0
165	1	1	94	735787	3.0
234	2	1	95	735787	3.0
66	0	0	38	735788	3.0
50	2	2	106	735788	3.0
135	6	0	53	735789	3.0
223	3	1	90	735789	3.0
234	1	0	94	735790	3.0
95	1	1	165	735790	3.0
106	1	0	38	735791	3.0
50	1	1	66	735791	3.0
223	2	0	53	735792	3.0
90	0	0	135	735792	3.0
94	1	0	95	735793	3.0
165	1	1	234	735793	3.0
38	0	0	50	735794	3.0
106	1	0	66	735794	3.0
53	1	0	90	735795	3.0
135	4	4	223	735795	3.0
234	6	0	53	735797	3.0
94	0	1	106	735798	3.0
223	1	1	165	735798	3.0
135	0	0	50	735799	3.0
165	1	1	135	735802	3.0
234	1	2	106	735802	3.0
234	1	1	165	735804	3.0
106	1	3	135	735806	3.0
128	1	3	134	735810	1.0
190	3	0	125	735810	1.0
175	1	0	133	735810	1.0
44	0	2	199	735812	1.0
47	0	3	133	735812	1.0
155	2	1	107	735812	1.0
128	2	1	190	735812	1.0
134	1	1	125	735812	1.0
125	4	0	128	735814	1.0
190	0	1	134	735814	1.0
175	3	0	47	735814	1.0
107	1	1	199	735815	1.0
44	2	0	155	735815	1.0
134	2	1	133	735816	1.0
175	0	0	125	735816	1.0
133	3	1	125	735817	1.0
134	1	3	175	735818	1.0
44	1	1	107	735819	1.0
199	0	0	155	735819	1.0
73	5	0	222	735829	1.0
36	2	0	24	735830	1.0
117	2	3	102	735836	1.0
73	6	0	4	735837	1.0
173	4	0	192	735838	1.0
231	1	0	143	735838	1.0
208	2	2	18	735838	1.0
218	1	2	120	735838	1.0
178	3	1	71	735838	1.0
161	1	0	240	735838	1.0
115	2	1	36	735839	1.0
127	0	0	17	735839	1.0
152	0	0	34	735840	1.0
222	0	3	49	735841	2.5
181	3	2	4	735841	2.5
117	0	0	164	735841	1.0
99	0	0	146	735841	1.0
48	2	3	83	735842	1.0
128	2	1	190	735843	1.0
49	1	0	181	735843	2.5
222	1	2	4	735843	2.5
44	0	0	96	735844	2.5
147	0	1	98	735844	2.5
104	4	0	5	735844	2.5
55	0	1	239	735844	2.5
235	1	0	240	735844	2.5
225	1	1	116	735844	2.5
14	0	0	52	735844	2.5
33	0	1	160	735844	2.5
20	3	1	28	735844	2.5
105	1	0	130	735844	2.5
56	2	1	109	735844	2.5
173	15	0	24	735844	2.5
108	0	0	114	735844	2.5
231	10	0	127	735844	2.5
12	5	0	17	735844	2.5
169	2	0	128	735844	1.0
214	1	0	192	735844	2.5
107	3	0	36	735844	2.5
219	2	0	1	735844	1.0
101	6	0	89	735844	2.5
199	8	0	115	735844	2.5
16	0	1	155	735844	2.5
113	9	0	143	735844	2.5
102	5	1	216	735844	2.5
185	7	0	220	735844	2.5
161	3	1	226	735844	2.5
4	2	0	49	735845	2.5
243	1	1	91	735845	2.5
72	1	3	158	735845	2.5
82	3	1	170	735845	2.5
86	0	1	74	735845	2.5
84	0	4	103	735845	2.5
59	0	2	221	735845	2.5
35	2	0	152	735845	2.5
79	0	1	37	735845	2.5
97	0	0	176	735845	2.5
87	1	3	94	735845	2.5
41	2	0	62	735845	2.5
188	2	0	10	735845	2.5
22	1	1	129	735845	2.5
222	0	3	181	735845	2.5
208	2	0	11	735845	2.5
237	0	3	95	735845	1.0
171	0	1	75	735845	1.0
110	1	2	242	735845	2.5
58	0	0	2	735845	2.5
80	1	0	186	735845	2.5
132	3	1	198	735846	2.5
178	0	1	83	735846	2.5
92	2	4	48	735846	2.5
200	1	0	68	735846	2.5
47	0	1	229	735846	2.5
182	0	6	67	735846	2.5
119	1	0	224	735846	2.5
230	3	1	19	735846	2.5
139	2	0	121	735846	2.5
177	1	0	213	735846	2.5
203	2	0	194	735846	2.5
210	3	2	195	735846	2.5
123	1	0	77	735846	2.5
144	0	2	187	735846	2.5
106	2	3	151	735846	2.5
13	1	0	137	735846	2.5
190	1	1	71	735846	2.5
135	3	3	223	735846	1.0
165	0	1	232	735846	1.0
234	2	1	168	735846	1.0
30	1	0	50	735846	1.0
9	7	0	26	735846	1.0
43	3	2	167	735846	1.0
70	1	0	122	735846	2.5
8	1	0	90	735846	2.5
184	0	3	141	735846	2.5
38	3	0	21	735846	2.5
54	0	1	66	735846	2.5
218	0	0	153	735846	2.5
78	4	0	209	735846	2.5
29	1	0	34	735846	2.5
98	0	0	109	735847	2.5
160	2	0	52	735847	2.5
105	1	0	33	735847	2.5
130	2	2	14	735847	2.5
28	3	0	5	735847	2.5
225	3	0	147	735847	2.5
239	0	0	104	735847	2.5
55	0	1	20	735847	2.5
212	2	2	126	735847	2.5
118	1	3	3	735847	2.5
125	0	0	6	735847	2.5
120	1	2	39	735847	2.5
133	1	0	142	735847	2.5
191	0	0	51	735847	2.5
116	1	2	56	735847	2.5
42	1	5	65	735847	2.5
2	0	1	171	735848	2.5
74	1	0	72	735848	2.5
176	0	0	86	735848	2.5
10	0	0	58	735848	2.5
158	1	1	97	735848	2.5
103	1	0	80	735848	2.5
170	8	1	84	735848	2.5
143	1	1	150	735848	1.0
186	2	3	82	735848	2.5
75	2	1	188	735848	1.0
137	0	2	139	735849	2.5
164	0	0	231	735849	2.5
115	0	2	113	735849	2.5
36	0	6	214	735849	2.5
77	0	1	203	735849	2.5
19	2	0	123	735849	2.5
195	1	0	70	735849	2.5
121	0	7	177	735849	2.5
213	1	4	13	735849	2.5
99	0	3	101	735849	2.5
67	2	0	210	735849	2.5
117	0	3	199	735849	2.5
122	2	1	182	735849	2.5
240	0	4	16	735849	2.5
194	0	0	230	735849	2.5
219	2	2	102	735849	2.5
169	1	5	235	735849	2.5
96	2	3	173	735849	2.5
198	1	0	187	735849	1.0
64	2	0	95	735849	1.0
237	1	1	165	735849	1.0
242	1	1	78	735849	1.0
217	0	3	12	735849	2.5
216	1	2	238	735849	2.5
128	0	3	44	735849	2.5
17	0	4	108	735849	2.5
127	1	2	185	735849	2.5
153	2	0	152	735849	1.0
89	0	0	161	735849	2.5
1	0	6	107	735849	2.5
90	2	0	8	735850	2.5
66	1	0	54	735850	2.5
21	1	1	38	735850	2.5
94	3	0	87	735850	2.5
151	0	2	106	735850	2.5
50	1	0	232	735850	1.0
46	1	1	168	735850	1.0
9	2	2	135	735850	1.0
234	1	4	30	735850	1.0
11	2	1	208	735850	2.5
178	0	1	78	735853	1.0
29	2	3	71	735871	1.0
161	2	1	214	735873	1.0
108	3	0	102	735874	1.0
47	0	0	118	735878	2.5
218	2	0	126	735878	2.5
133	2	5	110	735878	2.5
190	0	1	35	735878	2.5
97	2	1	72	735879	2.5
192	1	0	1	735879	2.5
108	2	0	12	735879	2.5
161	1	1	101	735879	2.5
220	1	1	164	735879	2.5
226	2	1	99	735879	2.5
238	1	1	102	735879	2.5
2	0	2	188	735879	2.5
171	1	0	58	735879	2.5
176	1	1	74	735879	2.5
103	1	0	82	735879	2.5
186	2	2	170	735879	2.5
214	0	3	107	735879	2.5
158	3	1	86	735879	2.5
80	4	0	84	735879	2.5
185	2	1	231	735879	2.5
113	0	1	199	735879	2.5
184	1	0	71	735879	2.5
24	3	4	128	735879	2.5
46	2	0	168	735879	2.5
75	4	0	10	735879	1.0
115	1	3	127	735879	1.0
237	0	1	167	735879	2.5
153	0	2	62	735879	1.0
155	0	0	169	735879	2.5
119	1	1	92	735879	2.5
200	1	1	132	735879	2.5
26	0	2	232	735879	2.5
143	0	2	117	735879	2.5
114	2	2	217	735879	2.5
16	0	4	235	735879	2.5
173	1	0	44	735879	2.5
79	1	1	144	735880	2.5
139	2	3	13	735880	2.5
194	0	1	19	735880	2.5
203	4	0	123	735880	2.5
137	1	2	177	735880	2.5
210	7	0	182	735880	2.5
59	0	6	212	735880	2.5
121	0	2	213	735880	2.5
195	1	1	122	735880	2.5
43	2	0	30	735880	2.5
219	1	0	96	735880	1.0
67	2	0	70	735880	2.5
197	0	2	152	735880	2.5
216	5	1	124	735880	1.0
50	0	1	198	735880	1.0
224	3	3	78	735880	1.0
34	1	4	129	735880	1.0
77	0	2	230	735880	2.5
3	1	2	91	735880	1.0
9	0	2	64	735880	2.5
165	1	2	223	735880	1.0
141	0	1	51	735880	1.0
95	1	1	90	735880	1.0
52	3	0	33	735881	2.5
104	1	2	55	735881	2.5
28	2	0	239	735881	2.5
5	1	4	20	735881	2.5
109	1	2	147	735881	2.5
160	2	0	130	735881	2.5
69	0	2	29	735881	2.5
98	2	2	116	735881	2.5
41	0	3	125	735881	2.5
42	1	0	191	735881	2.5
112	2	0	68	735881	1.0
234	2	2	135	735881	1.0
66	1	3	94	735881	1.0
56	0	2	225	735881	2.5
14	1	3	105	735881	2.5
170	2	1	103	735882	2.5
74	1	1	158	735882	2.5
153	3	0	37	735882	1.0
84	0	6	186	735882	2.5
82	2	1	80	735882	2.5
65	3	0	242	735882	1.0
72	0	3	176	735882	2.5
126	1	0	218	735882	2.5
188	1	2	171	735882	2.5
110	0	0	133	735882	2.5
86	4	3	97	735882	2.5
10	0	3	2	735882	2.5
71	3	0	184	735882	2.5
58	1	2	75	735882	1.0
230	0	1	203	735883	2.5
213	2	0	137	735883	2.5
177	2	0	139	735883	2.5
122	0	3	67	735883	2.5
123	2	4	194	735883	2.5
13	3	0	121	735883	2.5
70	0	1	210	735883	2.5
141	1	1	91	735883	1.0
78	1	2	62	735883	1.0
19	0	0	77	735883	2.5
182	0	2	195	735883	2.5
220	0	1	127	735884	2.5
125	2	2	41	735884	2.5
64	2	0	26	735884	2.5
118	1	1	47	735884	2.5
92	1	3	119	735884	2.5
144	2	1	79	735884	2.5
191	2	1	42	735884	2.5
35	2	0	190	735884	2.5
147	2	3	56	735884	2.5
132	4	0	200	735884	2.5
108	3	0	217	735884	2.5
105	2	1	160	735884	2.5
33	2	0	14	735884	2.5
55	2	3	28	735884	2.5
225	1	0	98	735884	2.5
239	2	0	5	735884	2.5
116	0	1	109	735884	2.5
20	3	1	104	735884	2.5
214	5	2	1	735884	2.5
161	3	0	99	735884	2.5
130	0	1	52	735884	2.5
155	1	0	240	735884	2.5
48	2	1	22	735884	1.0
29	3	1	69	735884	2.5
3	1	0	187	735884	1.0
199	3	0	106	735884	1.0
101	1	1	107	735884	1.0
238	0	3	219	735884	2.5
192	2	1	36	735884	2.5
152	4	0	197	735884	2.5
16	2	0	169	735884	2.5
114	2	0	17	735884	2.5
24	0	1	96	735884	2.5
226	1	0	89	735884	2.5
113	0	0	117	735884	2.5
143	3	1	115	735884	2.5
173	4	0	128	735884	2.5
223	0	0	151	735885	1.0
90	1	1	66	735885	1.0
135	1	0	165	735885	1.0
232	3	0	46	735885	2.5
168	3	4	43	735885	2.5
167	0	0	9	735885	2.5
30	3	1	237	735885	2.5
234	0	1	50	735885	1.0
38	1	1	83	735885	1.0
95	1	1	198	735885	1.0
242	3	0	142	735888	1.0
42	0	2	78	735888	1.0
212	2	1	59	735888	2.5
229	2	0	209	735888	1.0
198	0	2	6	735888	1.0
152	2	0	221	735888	1.0
153	2	0	34	735888	1.0
35	2	0	71	735889	1.0
129	2	1	132	735889	1.0
91	2	0	187	735889	1.0
37	0	0	48	735889	1.0
83	2	1	51	735889	1.0
243	3	1	118	735889	1.0
78	0	1	42	735895	1.0
187	3	1	91	735895	1.0
132	1	1	129	735895	1.0
6	1	2	198	735895	1.0
221	1	1	152	735896	1.0
209	0	2	229	735896	1.0
34	0	0	153	735896	1.0
142	1	1	242	735896	1.0
118	1	1	243	735896	1.0
71	3	0	35	735896	1.0
51	1	0	83	735901	1.0
48	0	1	37	735902	1.0
36	6	1	32	735905	1.0
208	2	1	8	735906	1.0
231	5	1	226	735907	1.0
96	5	0	143	735909	1.0
236	1	1	73	735909	1.0
164	0	0	185	735911	2.5
236	2	1	73	735912	2.5
142	1	0	78	735913	2.5
209	0	1	242	735913	2.5
70	3	0	80	735913	1.0
108	2	0	130	735913	1.0
64	2	1	232	735914	2.5
219	4	2	216	735914	2.5
117	7	0	115	735914	2.5
169	0	1	240	735914	2.5
22	2	1	34	735914	2.5
26	4	2	237	735914	2.5
35	2	3	62	735914	2.5
99	1	0	89	735914	2.5
199	4	0	143	735914	2.5
235	3	1	155	735914	2.5
160	0	1	97	735914	2.5
1	3	0	36	735914	2.5
12	3	0	114	735914	2.5
101	3	1	226	735914	2.5
164	6	0	127	735914	2.5
5	0	1	205	735914	1.0
128	0	1	96	735914	2.5
231	8	0	220	735914	2.5
217	5	0	17	735914	2.5
77	4	1	139	735914	1.0
44	12	0	24	735914	2.5
221	0	1	229	735914	2.5
141	2	0	68	735914	2.5
192	0	3	107	735914	2.5
161	0	1	150	735914	1.0
144	0	1	91	735914	2.5
123	1	0	86	735915	1.0
125	2	2	187	735915	2.5
110	1	0	39	735915	2.5
119	0	1	51	735915	2.5
6	1	3	198	735915	2.5
28	1	1	103	735915	2.5
132	1	2	224	735915	2.5
43	1	1	46	735915	2.5
152	0	3	37	735915	2.5
47	0	0	83	735915	2.5
120	1	0	178	735915	2.5
194	3	2	210	735915	1.0
212	0	0	153	735915	2.5
203	2	0	67	735915	1.0
56	4	1	188	735915	1.0
239	2	3	147	735915	1.0
20	3	1	105	735915	1.0
158	1	0	116	735915	1.0
170	4	2	98	735915	1.0
75	2	0	82	735915	1.0
173	1	2	225	735915	1.0
90	1	2	223	735916	2.5
71	3	4	48	735916	2.5
213	2	1	58	735916	2.5
135	3	0	66	735916	2.5
50	1	0	94	735916	2.5
106	0	2	165	735916	2.5
38	1	0	95	735916	2.5
42	1	0	65	735916	2.5
234	6	1	208	735916	2.5
9	1	1	30	735916	2.5
218	2	2	3	735916	2.5
29	2	1	129	735916	2.5
78	1	1	142	735916	2.5
177	1	0	171	735916	1.0
96	2	0	124	735916	1.0
168	1	0	167	735916	2.5
230	2	0	195	735916	2.5
91	2	0	144	735917	2.5
242	2	0	209	735917	2.5
97	2	1	160	735917	2.5
62	2	2	35	735917	2.5
229	3	0	221	735917	2.5
68	1	0	141	735917	2.5
2	2	2	80	735918	1.0
103	2	0	28	735918	2.5
51	3	0	119	735919	2.5
48	2	1	71	735919	2.5
208	0	4	90	735919	2.5
224	2	1	132	735919	2.5
127	1	2	231	735919	2.5
178	1	3	120	735919	2.5
37	0	0	152	735919	2.5
95	0	2	135	735919	2.5
83	2	0	47	735919	2.5
198	1	0	6	735919	2.5
3	7	0	218	735919	2.5
153	2	0	212	735919	2.5
237	1	3	64	735919	2.5
46	0	1	9	735919	2.5
129	2	0	29	735919	2.5
187	3	0	125	735919	2.5
39	2	0	110	735919	2.5
58	2	2	213	735919	2.5
195	1	1	230	735919	2.5
34	2	0	22	735919	2.5
89	0	6	101	735919	2.5
155	2	0	16	735919	2.5
70	3	0	205	735919	1.0
220	0	10	185	735919	2.5
13	1	2	210	735919	1.0
77	0	1	117	735919	1.0
14	2	1	137	735919	1.0
65	4	0	42	735919	2.5
17	0	4	12	735919	2.5
177	1	3	52	735919	1.0
123	0	2	171	735919	1.0
194	3	1	98	735919	1.0
170	3	1	56	735919	1.0
225	0	0	86	735919	1.0
67	2	0	75	735919	1.0
115	0	5	199	735919	2.5
226	2	1	161	735919	2.5
192	1	2	214	735919	2.5
36	0	2	107	735919	2.5
216	0	2	102	735919	2.5
240	1	3	235	735919	2.5
24	0	3	173	735919	2.5
114	1	0	108	735919	2.5
105	2	2	176	735919	1.0
96	0	0	44	735919	2.5
94	0	1	106	735920	2.5
167	2	1	26	735920	2.5
30	3	0	168	735920	2.5
66	0	0	38	735920	2.5
165	1	2	50	735920	2.5
223	0	0	234	735920	2.5
232	3	0	43	735920	2.5
35	1	0	183	735923	1.0
71	0	1	178	735923	1.0
197	0	4	218	735924	1.0
110	2	0	229	735924	1.0
200	2	0	59	735925	1.0
209	1	2	126	735925	1.0
178	2	1	218	735926	1.0
183	0	4	229	735926	1.0
110	1	1	35	735927	1.0
197	2	0	71	735927	1.0
126	3	0	59	735927	1.0
200	0	0	209	735927	1.0
178	3	0	197	735929	1.0
183	3	1	110	735929	1.0
200	2	0	126	735929	1.0
59	0	4	209	735929	1.0
229	1	0	35	735930	1.0
218	1	1	71	735930	1.0
229	2	0	126	735932	1.0
218	1	1	71	735932	1.0
200	1	1	209	735933	1.0
178	1	1	110	735933	1.0
229	1	1	71	735935	1.0
178	1	1	209	735935	1.0
71	1	1	209	735937	1.0
229	1	0	178	735937	1.0
151	5	0	53	735940	1.0
151	1	0	53	735943	1.0
50	1	0	151	735947	1.0
95	2	0	53	735948	1.0
17	1	0	146	735949	1.0
146	0	1	204	735955	1.0
1	4	0	17	735956	1.0
128	3	1	24	735956	1.0
99	2	0	204	735957	1.0
17	1	3	128	735958	1.0
24	0	3	1	735958	1.0
131	2	0	88	735958	1.0
99	4	1	146	735959	1.0
24	0	3	17	735960	1.0
1	4	1	128	735960	1.0
1	5	0	204	735963	1.0
99	3	2	128	735963	1.0
99	1	1	1	735966	1.0
178	1	1	37	735969	1.0
213	1	1	70	735969	1.0
6	1	1	153	735969	1.0
17	4	2	204	735971	1.0
223	0	1	94	735971	1.0
165	4	0	53	735972	1.0
74	0	3	213	735973	1.0
178	1	0	62	735973	1.0
128	3	2	36	735974	1.0
74	0	1	98	735976	1.0
146	1	0	204	735976	1.0
17	0	0	146	735978	1.0
231	2	1	98	735979	1.0
178	1	0	51	735979	1.0
78	0	0	141	735979	1.0
62	3	0	71	735980	1.0
6	0	1	37	735980	1.0
224	2	2	91	735981	1.0
153	4	1	152	735981	1.0
243	0	1	242	735982	1.0
129	2	2	229	735982	1.0
128	1	4	146	735982	1.0
178	2	1	78	735983	1.0
141	0	1	51	735983	1.0
62	4	2	6	735984	1.0
37	0	0	71	735984	1.0
224	1	1	153	735985	1.0
152	2	2	91	735985	1.0
229	0	1	242	735986	1.0
243	0	1	129	735986	1.0
51	4	1	78	735987	1.0
141	4	1	178	735987	1.0
37	3	1	62	735988	1.0
71	1	2	6	735988	1.0
91	1	0	153	735989	1.0
152	0	5	224	735989	1.0
65	0	1	108	735990	1.0
229	1	1	243	735990	1.0
242	0	0	129	735990	1.0
151	1	3	95	735991	1.0
65	2	0	120	735992	1.0
178	1	1	62	735993	1.0
37	0	0	51	735993	1.0
242	1	1	91	735994	1.0
224	1	2	129	735994	1.0
234	3	2	98	735994	1.0
237	1	0	50	735997	1.0
62	1	1	91	735997	1.0
129	1	0	51	735998	1.0
16	2	0	117	735999	1.0
187	2	0	132	735999	1.0
234	1	0	38	736000	1.0
88	1	1	131	736000	1.0
91	1	2	51	736001	1.0
62	3	0	129	736001	1.0
135	2	0	187	736005	1.0
90	3	1	95	736005	1.0
235	2	0	117	736008	1.0
165	1	0	66	736012	1.0
93	2	0	211	736015	1.0
205	3	0	23	736016	1.0
76	2	3	211	736019	1.0
65	2	0	34	736021	1.0
90	1	0	66	736026	1.0
151	1	1	66	736033	1.0
193	2	0	7	736036	1.0
208	0	4	131	736036	1.0
151	1	0	165	736039	1.0
231	6	1	17	736041	1.0
102	0	1	214	736041	1.0
216	3	2	89	736042	1.0
87	2	2	223	736043	1.0
53	2	1	23	736045	1.0
191	1	1	126	736045	1.0
92	1	0	110	736046	2.5
8	2	1	11	736046	1.0
184	2	1	120	736046	2.5
84	0	0	121	736046	1.0
88	1	1	211	736046	1.0
18	1	0	54	736046	1.0
42	0	1	218	736046	2.5
242	1	1	48	736046	2.5
87	5	0	193	736046	1.0
93	7	0	7	736046	1.0
170	1	0	188	736046	1.0
176	1	0	122	736046	1.0
131	3	0	31	736046	1.0
195	1	0	77	736046	1.0
52	2	0	104	736046	1.0
200	1	2	22	736046	2.5
102	2	2	219	736047	2.5
185	2	0	127	736047	2.5
64	2	2	167	736047	2.5
26	2	3	46	736047	2.5
231	2	0	164	736047	2.5
235	1	0	169	736047	2.5
238	4	1	216	736047	2.5
168	2	2	237	736047	2.5
12	7	0	217	736047	2.5
83	3	1	142	736047	2.5
47	1	0	29	736047	2.5
125	1	1	41	736047	2.5
59	0	1	119	736047	2.5
43	1	2	9	736047	2.5
214	6	0	36	736047	2.5
199	1	0	117	736047	2.5
107	5	0	1	736047	2.5
161	1	0	89	736047	2.5
56	0	1	186	736047	1.0
105	1	1	203	736047	1.0
239	1	1	158	736047	1.0
225	2	1	213	736047	1.0
70	0	0	160	736047	1.0
58	2	1	98	736047	1.0
230	1	0	55	736047	1.0
130	0	0	137	736047	1.0
196	2	0	166	736047	1.0
16	3	0	240	736047	2.5
108	8	0	17	736047	2.5
44	4	0	128	736047	2.5
101	4	0	99	736047	2.5
173	2	0	96	736047	2.5
192	2	1	143	736047	1.0
86	2	1	139	736047	1.0
94	0	0	165	736048	2.5
224	1	0	221	736048	2.5
3	7	1	71	736048	2.5
78	2	1	191	736048	2.5
91	0	0	126	736048	2.5
212	1	1	243	736048	2.5
153	1	1	65	736048	2.5
132	2	1	79	736048	2.5
90	2	0	234	736048	2.5
129	1	0	68	736048	2.5
106	1	1	50	736048	2.5
51	1	0	209	736048	2.5
194	0	0	116	736048	1.0
123	0	3	28	736048	1.0
10	0	0	19	736048	1.0
208	2	3	223	736048	2.5
30	2	2	232	736048	2.5
236	1	0	149	736048	1.0
38	0	3	135	736048	2.5
171	0	1	33	736048	1.0
103	1	0	210	736048	1.0
147	2	3	75	736048	1.0
66	2	2	95	736048	2.5
62	2	1	6	736049	2.5
34	1	0	229	736049	2.5
187	2	0	152	736049	2.5
190	2	0	118	736049	2.5
236	2	1	149	736049	1.0
37	2	2	198	736049	2.5
133	1	0	178	736049	2.5
35	1	3	144	736049	2.5
39	0	1	141	736049	2.5
193	1	2	233	736049	1.0
31	0	7	60	736049	1.0
54	2	1	61	736049	1.0
97	1	1	52	736049	1.0
177	3	0	122	736049	1.0
170	5	0	74	736049	1.0
13	2	1	2	736049	1.0
7	0	4	172	736049	1.0
82	2	3	67	736049	1.0
109	1	0	14	736049	1.0
11	0	2	205	736049	1.0
23	2	1	76	736049	1.0
176	0	0	203	736050	1.0
142	0	0	83	736050	2.5
110	0	1	92	736050	2.5
243	4	0	212	736050	2.5
29	2	1	47	736050	2.5
22	4	1	200	736050	2.5
196	1	2	166	736050	1.0
219	0	1	199	736050	1.0
48	1	1	242	736050	2.5
191	1	0	78	736051	2.5
68	0	1	129	736051	2.5
120	4	0	184	736051	2.5
41	2	1	125	736051	2.5
158	1	0	195	736051	1.0
121	2	3	72	736051	1.0
5	0	1	137	736051	1.0
230	1	0	239	736051	1.0
12	5	1	108	736052	2.5
128	4	2	24	736052	2.5
164	7	0	220	736052	2.5
44	2	0	173	736052	2.5
101	2	0	161	736052	2.5
99	1	2	226	736052	2.5
167	2	2	30	736052	2.5
234	4	0	90	736052	2.5
165	1	0	94	736052	2.5
50	3	0	106	736052	2.5
95	2	0	66	736052	2.5
117	1	1	143	736052	2.5
199	3	0	113	736052	2.5
1	2	1	192	736052	2.5
135	2	0	38	736052	2.5
107	5	0	214	736052	2.5
144	1	3	35	736052	2.5
65	1	0	153	736052	2.5
119	5	0	59	736052	2.5
229	0	0	34	736052	2.5
118	2	1	190	736052	2.5
221	0	0	224	736052	2.5
6	0	2	62	736052	2.5
178	5	0	133	736052	2.5
198	0	0	37	736052	2.5
79	0	0	132	736052	2.5
126	1	2	91	736052	2.5
152	1	2	187	736052	2.5
71	3	3	3	736052	2.5
209	1	1	51	736052	2.5
217	0	1	114	736052	2.5
223	6	0	208	736052	2.5
80	1	1	109	736052	1.0
232	1	0	168	736052	2.5
237	1	4	43	736052	2.5
186	1	0	58	736052	1.0
75	4	2	177	736052	1.0
67	1	2	147	736052	1.0
171	2	1	20	736052	1.0
103	2	2	194	736052	1.0
82	4	1	105	736052	1.0
213	1	1	56	736052	1.0
210	0	2	28	736052	1.0
160	2	0	74	736052	1.0
86	2	3	98	736052	1.0
77	0	2	33	736052	1.0
70	0	1	188	736052	1.0
235	1	0	16	736052	2.5
141	2	0	39	736052	2.5
13	1	2	225	736052	1.0
169	3	2	155	736052	2.5
84	0	5	116	736052	1.0
127	0	0	124	736052	1.0
61	2	0	18	736052	1.0
60	1	4	131	736052	1.0
205	1	0	8	736052	1.0
233	1	2	87	736052	1.0
76	3	0	53	736052	1.0
211	3	2	88	736052	1.0
123	0	2	2	736052	1.0
46	3	1	64	736052	2.5
102	1	0	238	736052	2.5
231	1	1	185	736052	2.5
9	2	0	26	736052	2.5
139	0	0	19	736052	1.0
172	0	1	93	736053	1.0
131	0	2	165	736081	1.0
97	0	0	51	736104	1.0
29	2	1	118	736105	1.0
172	1	3	234	736106	1.0
67	2	1	225	736106	1.0
168	4	0	223	736108	1.0
165	0	0	237	736109	1.0
188	2	1	55	736109	1.0
62	1	1	176	736109	1.0
234	1	0	64	736110	1.0
14	0	0	5	736110	1.0
194	3	1	80	736111	1.0
67	2	1	12	736111	1.0
141	2	0	48	736111	1.0
158	3	0	19	736111	1.0
56	6	0	130	736111	1.0
52	1	0	137	736111	1.0
153	1	0	129	736111	1.0
103	1	1	147	736111	1.0
221	1	0	242	736111	1.0
90	1	7	10	736112	1.0
143	0	0	127	736112	1.0
150	3	1	73	736112	2.5
78	0	2	132	736112	1.0
178	0	2	187	736112	1.0
236	0	1	196	736112	2.5
50	2	1	237	736112	1.0
9	1	0	95	736112	1.0
232	3	1	223	736112	1.0
43	1	2	106	736112	1.0
135	1	0	167	736112	1.0
210	1	2	20	736112	1.0
215	4	0	181	736113	2.5
77	3	1	14	736113	1.0
2	3	1	173	736113	1.0
115	1	1	146	736113	1.0
122	2	0	70	736113	1.0
36	2	0	220	736113	1.0
110	1	1	218	736113	1.0
166	1	1	149	736113	2.5
171	3	0	160	736113	1.0
176	3	4	230	736113	1.0
203	3	1	28	736113	1.0
82	1	3	194	736113	1.0
168	3	1	66	736113	1.0
234	4	0	26	736113	1.0
225	1	0	139	736113	1.0
105	1	0	186	736113	1.0
46	3	1	94	736114	1.0
165	0	2	30	736114	1.0
213	0	0	195	736114	1.0
75	3	2	37	736114	1.0
236	0	5	150	736115	2.5
196	0	1	73	736115	2.5
243	2	0	229	736115	1.0
238	2	0	214	736115	1.0
188	3	1	104	736115	1.0
103	1	2	19	736115	1.0
13	2	1	130	736115	1.0
123	1	3	153	736115	1.0
110	1	1	209	736115	1.0
93	2	5	54	736116	1.0
149	7	0	181	736116	2.5
166	2	2	215	736116	2.5
205	1	0	211	736116	1.0
131	2	0	88	736116	1.0
87	1	1	172	736116	1.0
116	2	1	122	736116	1.0
66	0	4	10	736116	1.0
20	1	1	74	736116	1.0
160	3	2	98	736116	1.0
56	2	1	177	736116	1.0
203	6	1	199	736116	1.0
70	2	0	5	736116	1.0
170	1	2	147	736116	1.0
115	0	1	99	736117	2.5
190	0	2	3	736117	2.5
127	3	0	220	736117	2.5
128	0	2	240	736117	2.5
217	5	0	17	736117	2.5
67	1	0	171	736117	1.0
77	1	3	101	736117	1.0
216	2	2	36	736117	2.5
90	1	1	237	736117	1.0
135	1	0	43	736117	1.0
59	0	3	224	736118	2.5
184	1	2	39	736118	2.5
120	1	1	141	736118	2.5
144	1	0	152	736118	2.5
112	2	0	72	736118	1.0
191	1	0	209	736118	2.5
35	0	2	187	736118	2.5
132	0	1	37	736118	2.5
44	4	2	223	736118	1.0
92	3	2	242	736118	2.5
143	0	1	192	736118	1.0
2	1	3	230	736118	1.0
210	2	1	137	736118	1.0
38	1	1	14	736118	1.0
107	7	2	33	736118	1.0
231	1	3	108	736118	1.0
219	1	1	214	736118	1.0
238	1	1	96	736118	1.0
58	1	1	28	736118	1.0
176	5	1	80	736118	1.0
50	0	0	167	736119	3.0
79	0	4	198	736119	2.5
234	0	2	46	736119	3.0
29	1	2	229	736119	2.5
178	2	3	142	736119	2.5
73	2	3	236	736119	2.5
218	0	2	65	736119	2.5
200	0	3	129	736119	2.5
150	1	0	196	736119	2.5
75	3	0	186	736119	1.0
233	0	7	93	736119	1.0
70	0	0	116	736119	1.0
13	0	2	147	736119	1.0
82	2	0	97	736119	1.0
194	0	0	158	736119	1.0
12	1	0	86	736119	1.0
211	2	1	208	736119	1.0
52	10	0	182	736119	1.0
51	2	1	78	736119	2.5
41	3	1	6	736120	2.5
106	0	1	237	736120	3.0
47	0	1	34	736120	2.5
119	2	2	221	736120	2.5
243	3	0	126	736120	2.5
30	0	0	64	736120	3.0
133	0	2	83	736120	2.5
212	1	0	91	736120	2.5
110	2	1	48	736120	2.5
125	1	6	62	736120	2.5
118	1	2	71	736120	2.5
94	0	1	168	736120	3.0
56	1	2	199	736120	1.0
20	3	2	160	736120	1.0
172	1	1	8	736120	1.0
231	0	1	214	736120	1.0
88	2	1	60	736120	1.0
23	0	1	61	736120	1.0
195	0	1	225	736120	1.0
215	1	1	149	736120	2.5
213	3	0	239	736120	1.0
181	0	8	166	736120	2.5
219	2	0	108	736120	1.0
188	1	1	177	736120	1.0
238	0	0	192	736121	1.0
220	0	3	127	736121	2.5
98	4	0	121	736121	1.0
135	3	1	232	736121	3.0
105	2	0	74	736121	1.0
143	3	0	96	736121	1.0
170	0	0	122	736121	1.0
9	2	1	43	736122	3.0
12	1	2	86	736122	1.0
165	2	1	26	736122	3.0
17	0	1	217	736122	2.5
240	2	0	128	736122	2.5
36	2	0	216	736122	2.5
107	1	2	28	736122	1.0
38	2	1	235	736122	1.0
44	0	1	109	736122	1.0
208	0	1	205	736122	1.0
61	2	1	76	736122	1.0
203	0	1	80	736122	1.0
58	4	0	33	736122	1.0
101	6	0	114	736122	1.0
99	6	1	115	736122	2.5
234	4	0	50	736123	3.0
60	0	4	131	736123	1.0
8	5	1	87	736123	1.0
46	2	1	167	736123	3.0
54	7	0	233	736123	1.0
144	0	0	126	736123	1.0
171	7	0	70	736123	1.0
30	7	1	94	736124	3.0
64	2	2	168	736124	3.0
232	0	1	237	736125	3.0
75	2	1	176	736125	3.0
135	2	0	106	736125	3.0
67	1	1	177	736126	3.0
243	2	2	212	736126	1.0
2	0	1	210	736126	3.0
190	0	1	125	736126	1.0
43	2	1	26	736126	3.0
9	5	0	165	736126	3.0
239	2	1	194	736126	3.0
46	2	3	50	736127	3.0
22	2	1	68	736127	2.5
234	1	0	167	736127	3.0
82	2	0	230	736127	3.0
170	1	0	158	736127	3.0
126	3	0	6	736127	1.0
118	3	0	133	736127	1.0
225	0	1	52	736127	3.0
125	0	0	243	736128	1.0
212	4	0	190	736128	1.0
64	4	0	94	736128	3.0
203	1	0	56	736128	3.0
20	0	2	105	736128	3.0
30	0	1	168	736128	3.0
103	1	1	213	736128	3.0
171	1	1	98	736129	3.0
13	0	2	97	736129	3.0
135	1	1	237	736129	3.0
6	0	2	118	736129	1.0
232	3	0	106	736129	3.0
133	0	1	126	736129	1.0
9	3	0	26	736130	3.0
75	2	0	2	736130	3.0
43	4	2	165	736130	3.0
212	1	0	125	736130	1.0
176	1	1	210	736130	3.0
243	5	0	190	736130	1.0
177	1	2	194	736130	3.0
126	0	1	118	736131	1.0
82	0	0	170	736131	3.0
6	0	2	133	736131	1.0
67	2	1	239	736131	3.0
230	0	2	158	736131	3.0
166	2	0	127	736132	1.0
234	2	1	64	736132	3.0
203	3	0	225	736132	3.0
56	2	2	52	736132	3.0
105	1	0	213	736132	3.0
198	1	1	118	736133	1.0
29	1	1	144	736133	1.0
171	0	0	13	736133	3.0
98	1	1	97	736133	3.0
20	3	0	103	736133	3.0
168	1	1	46	736133	3.0
242	1	1	212	736134	1.0
176	0	1	2	736134	3.0
62	1	0	142	736134	1.0
135	0	7	43	736134	3.0
9	4	1	237	736134	3.0
210	0	0	75	736134	3.0
177	0	3	239	736135	3.0
194	0	0	67	736135	3.0
52	2	1	203	736136	3.0
158	0	1	82	736136	3.0
56	0	2	225	736136	3.0
144	3	0	142	736136	1.0
118	2	3	242	736136	1.0
230	0	1	170	736136	3.0
29	1	1	62	736137	1.0
149	1	2	127	736137	1.0
198	5	1	212	736137	1.0
213	0	1	20	736137	3.0
105	0	1	103	736137	3.0
98	2	1	13	736137	3.0
234	0	4	9	736137	3.0
97	3	3	171	736137	3.0
46	0	2	43	736138	3.0
242	0	1	144	736139	1.0
52	0	0	171	736140	3.0
239	1	0	158	736140	3.0
210	1	1	170	736140	3.0
198	3	2	29	736140	1.0
212	1	0	62	736140	1.0
73	1	1	127	736141	1.0
75	2	1	103	736141	3.0
234	0	1	46	736141	3.0
82	3	0	194	736141	3.0
97	0	4	20	736141	3.0
105	2	0	203	736142	3.0
67	1	2	98	736142	3.0
9	1	1	43	736142	3.0
124	2	2	138	736145	1.0
216	8	1	159	736145	1.0
170	1	1	171	736145	3.0
239	3	1	20	736146	3.0
82	1	1	105	736147	3.0
159	1	3	124	736147	1.0
138	0	2	216	736147	1.0
75	5	2	98	736148	3.0
159	0	8	138	736149	1.0
216	3	2	124	736149	1.0
171	2	0	239	736151	3.0
82	0	2	75	736152	3.0
171	0	0	75	736155	3.0
235	2	1	102	736169	1.0
36	2	1	192	736173	1.0
161	1	0	226	736184	1.0
173	2	1	102	736184	1.0
24	0	3	99	736189	1.0
155	1	0	102	736192	1.0
108	2	3	173	736194	1.0
102	1	1	155	736197	1.0
95	1	0	151	736200	1.0
173	3	0	219	736200	1.0
185	4	0	115	736200	1.0
155	2	0	231	736200	1.0
235	1	0	34	736200	1.0
165	0	0	90	736202	1.0
217	0	0	214	736203	1.0
61	5	0	172	736204	1.0
65	1	1	91	736206	1.0
114	2	0	109	736206	1.0
229	0	0	110	736206	1.0
82	2	0	74	736207	1.0
2	0	0	141	736207	1.0
172	0	1	61	736207	1.0
117	1	1	108	736207	1.0
103	4	0	161	736207	1.0
225	0	0	177	736207	1.0
70	1	1	130	736207	1.0
58	5	0	121	736207	1.0
56	3	0	10	736207	1.0
160	0	1	19	736207	1.0
107	1	2	231	736208	2.5
26	2	0	168	736208	2.5
46	2	0	237	736208	2.5
101	2	0	173	736208	2.5
199	3	2	44	736208	2.5
64	0	3	30	736208	2.5
235	1	0	214	736208	2.5
12	2	0	102	736208	2.5
128	5	0	17	736208	1.0
96	4	2	36	736208	1.0
151	0	0	205	736208	1.0
105	1	3	75	736208	1.0
171	5	0	84	736208	1.0
20	0	2	203	736208	1.0
147	1	2	86	736208	1.0
16	3	1	192	736208	1.0
185	1	0	219	736208	2.5
129	5	2	22	736209	2.5
141	2	0	184	736209	2.5
167	2	1	43	736209	2.5
9	1	0	232	736209	2.5
91	1	0	243	736209	2.5
209	1	2	78	736209	2.5
198	1	1	132	736209	2.5
62	4	1	41	736209	2.5
221	5	0	59	736209	2.5
94	0	1	50	736209	2.5
66	1	3	135	736209	2.5
165	2	0	106	736209	2.5
208	0	6	234	736209	2.5
3	6	0	118	736209	2.5
152	0	0	35	736209	2.5
95	2	1	38	736209	2.5
223	2	2	90	736209	2.5
116	3	1	123	736209	1.0
142	1	0	133	736210	2.5
71	2	1	190	736210	2.5
153	1	0	218	736210	2.5
83	1	1	178	736210	2.5
39	0	1	120	736210	2.5
51	1	1	191	736210	2.5
6	1	1	125	736210	2.5
187	2	0	144	736210	2.5
99	4	1	172	736210	1.0
37	2	0	79	736210	2.5
16	0	0	108	736211	1.0
224	4	1	119	736211	2.5
34	2	1	29	736211	2.5
126	1	0	212	736211	2.5
68	4	0	200	736211	2.5
229	1	0	47	736211	2.5
48	1	0	92	736211	2.5
242	1	1	110	736211	2.5
160	0	3	82	736211	2.5
56	0	0	158	736211	2.5
194	0	1	67	736211	2.5
122	2	2	195	736211	2.5
109	2	2	170	736211	2.5
58	1	0	10	736211	2.5
182	0	1	14	736211	2.5
176	1	1	139	736211	2.5
130	1	5	186	736211	2.5
117	2	0	1	736212	1.0
188	2	2	103	736212	2.5
74	1	1	112	736212	2.5
80	1	2	13	736212	2.5
203	8	0	121	736212	2.5
239	4	0	137	736212	2.5
52	1	1	225	736212	2.5
104	1	3	105	736212	2.5
230	1	1	98	736212	2.5
84	1	4	86	736213	2.5
135	0	0	95	736213	2.5
44	0	0	101	736213	2.5
43	0	0	26	736213	2.5
214	0	0	199	736213	2.5
173	0	1	235	736213	2.5
168	2	1	64	736213	2.5
237	2	2	9	736213	2.5
50	3	1	165	736213	2.5
106	0	2	94	736213	2.5
128	4	0	115	736213	2.5
17	0	0	24	736213	2.5
102	1	2	185	736213	2.5
219	0	2	107	736213	2.5
234	4	0	223	736213	2.5
38	3	1	66	736213	2.5
231	0	1	12	736213	2.5
2	2	1	77	736213	2.5
232	4	0	167	736213	2.5
30	2	1	46	736213	2.5
114	1	2	169	736213	1.0
198	1	0	65	736213	1.0
37	2	1	78	736213	1.0
19	0	0	75	736213	2.5
164	1	1	217	736213	1.0
55	0	3	20	736213	2.5
213	1	1	147	736213	2.5
177	1	0	83	736213	1.0
100	3	0	127	736213	1.0
33	4	3	123	736213	2.5
28	5	0	70	736213	2.5
5	0	1	116	736213	2.5
90	9	3	208	736213	2.5
210	2	0	171	736213	2.5
72	0	0	97	736213	2.5
173	3	0	188	736236	1.0
29	1	1	6	736237	1.0
221	1	0	229	736241	1.0
62	0	1	110	736241	1.0
223	4	0	61	736242	1.0
217	3	3	164	736242	1.0
196	0	3	149	736242	1.0
112	0	6	52	736243	2.5
137	0	3	188	736243	2.5
199	3	2	173	736243	2.5
44	0	1	214	736243	2.5
121	0	2	2	736243	2.5
107	2	1	102	736243	2.5
231	3	1	219	736243	2.5
105	1	1	203	736243	2.5
98	3	2	74	736243	2.5
225	2	2	230	736243	2.5
103	1	0	80	736243	2.5
36	0	2	96	736243	1.0
235	0	1	101	736243	2.5
238	5	2	155	736243	1.0
64	3	0	43	736243	2.5
13	2	2	239	736243	2.5
38	4	0	132	736243	1.0
114	0	0	117	736243	1.0
54	3	0	8	736243	1.0
77	1	2	104	736243	2.5
185	2	2	12	736243	2.5
97	2	3	210	736244	2.5
116	0	2	72	736244	2.5
168	2	2	9	736244	2.5
171	6	0	5	736244	2.5
30	5	0	26	736244	2.5
232	3	0	237	736244	2.5
83	0	0	229	736244	2.5
123	0	1	213	736244	2.5
147	4	1	19	736244	2.5
75	4	1	33	736244	2.5
167	0	1	46	736244	2.5
192	0	0	127	736244	1.0
169	1	3	16	736244	1.0
161	1	1	108	736244	1.0
53	0	2	234	736244	1.0
20	4	0	28	736244	2.5
86	2	0	55	736244	2.5
70	4	0	84	736244	2.5
186	1	1	122	736245	2.5
34	1	1	198	736245	2.5
187	2	0	39	736245	2.5
51	3	1	129	736245	2.5
62	4	0	120	736245	2.5
78	0	0	141	736245	2.5
67	2	0	130	736245	2.5
170	3	2	58	736245	2.5
158	4	0	182	736245	2.5
139	5	0	109	736245	2.5
195	1	0	194	736245	2.5
220	1	2	216	736245	2.5
10	0	5	176	736245	2.5
61	1	2	131	736245	1.0
82	3	0	56	736245	2.5
14	1	0	160	736245	2.5
21	1	2	95	736245	1.0
196	0	1	149	736245	1.0
211	2	2	93	736245	1.0
2	0	2	203	736246	2.5
242	1	2	153	736246	2.5
137	1	3	103	736246	2.5
104	2	1	121	736246	2.5
48	1	2	65	736246	2.5
3	1	1	37	736246	2.5
224	2	0	91	736246	2.5
188	3	2	13	736246	2.5
230	3	0	112	736246	2.5
74	0	1	52	736246	2.5
98	2	0	225	736246	2.5
8	2	0	172	736246	1.0
76	1	0	205	736246	1.0
221	2	0	142	736246	1.0
177	3	4	50	736246	1.0
100	2	2	238	736246	1.0
36	4	0	204	736246	1.0
239	1	1	80	736246	2.5
77	2	3	105	736246	2.5
150	1	2	135	736246	1.0
24	3	1	17	736247	2.5
147	0	1	75	736247	2.5
70	0	2	86	736247	2.5
84	0	6	20	736247	2.5
116	0	2	97	736247	2.5
19	1	1	123	736247	2.5
72	0	6	171	736247	2.5
5	1	2	210	736247	2.5
169	1	3	155	736247	1.0
213	3	0	33	736247	2.5
28	2	0	55	736247	2.5
82	2	0	158	736248	2.5
56	0	0	14	736248	2.5
109	0	0	176	736248	2.5
170	2	1	10	736248	2.5
195	0	0	67	736248	2.5
46	2	2	232	736248	2.5
26	2	2	64	736248	2.5
237	0	2	30	736248	2.5
115	1	1	128	736248	2.5
160	4	1	182	736248	2.5
58	0	1	139	736248	2.5
12	1	1	107	736248	2.5
9	0	1	167	736248	2.5
43	2	1	168	736248	2.5
216	2	1	220	736248	2.5
102	4	0	219	736248	2.5
161	2	2	16	736248	1.0
122	2	0	130	736248	2.5
127	1	1	1	736248	1.0
96	2	0	192	736248	1.0
198	1	1	83	736248	1.0
173	1	0	214	736248	2.5
117	1	1	68	736248	1.0
185	3	0	231	736248	2.5
194	3	0	186	736248	2.5
235	2	0	44	736248	2.5
114	1	0	226	736248	1.0
141	4	0	38	736248	1.0
101	1	0	199	736248	2.5
165	0	1	135	736249	1.0
234	1	1	150	736249	1.0
172	2	2	54	736249	1.0
131	0	0	223	736249	1.0
93	2	2	106	736249	1.0
32	2	1	220	736252	1.0
36	2	1	115	736252	1.0
220	1	2	115	736255	1.0
32	0	3	36	736255	1.0
36	3	2	220	736258	1.0
115	4	3	32	736258	1.0
32	4	0	220	736270	1.0
95	5	0	21	736270	1.0
124	2	1	138	736271	1.0
204	1	2	115	736271	1.0
143	0	0	100	736272	1.0
243	1	0	242	736273	1.0
220	0	0	146	736273	1.0
96	3	2	89	736274	1.0
108	0	0	102	736274	1.0
155	2	0	216	736274	1.0
138	2	0	204	736274	1.0
115	1	4	124	736274	1.0
215	1	0	196	736275	2.5
238	3	2	100	736276	1.0
146	3	0	32	736276	1.0
229	0	1	242	736276	1.0
89	0	2	155	736277	1.0
231	2	0	16	736277	1.0
214	2	0	192	736277	1.0
94	2	5	76	736277	1.0
147	1	1	20	736277	1.0
96	4	2	216	736277	1.0
138	0	3	115	736277	1.0
86	0	1	19	736277	1.0
169	1	0	114	736277	1.0
204	1	1	124	736277	1.0
217	3	0	226	736277	1.0
117	1	1	164	736278	1.0
235	1	0	108	736278	1.0
173	2	1	177	736278	1.0
101	8	1	166	736278	1.0
46	0	0	43	736278	2.5
237	5	0	26	736279	2.5
95	0	1	165	736279	2.5
30	3	0	9	736279	2.5
58	4	1	109	736279	2.5
167	1	4	168	736279	2.5
130	0	1	195	736279	2.5
120	0	1	224	736279	2.5
194	4	0	122	736279	2.5
232	2	1	64	736279	2.5
176	0	3	170	736279	2.5
56	2	1	160	736279	2.5
107	4	0	161	736279	1.0
199	2	0	38	736279	1.0
221	2	2	47	736279	1.0
75	2	1	213	736279	2.5
67	3	0	186	736279	2.5
158	4	0	14	736279	2.5
10	3	2	139	736279	2.5
182	0	8	82	736279	2.5
141	0	0	51	736280	2.5
230	1	0	74	736280	2.5
203	4	0	77	736280	2.5
121	0	4	105	736280	2.5
2	0	3	104	736280	2.5
239	1	1	188	736280	2.5
80	1	1	137	736280	2.5
13	0	1	103	736280	2.5
198	2	1	187	736280	2.5
234	1	2	135	736280	2.5
52	2	0	98	736280	2.5
223	0	2	50	736280	2.5
146	1	1	115	736280	1.0
150	2	0	149	736280	2.5
153	3	1	3	736280	2.5
129	0	0	78	736280	2.5
229	1	0	48	736280	2.5
225	2	0	112	736280	2.5
37	1	1	242	736280	2.5
110	1	0	142	736280	1.0
216	2	0	89	736280	1.0
96	0	1	155	736280	1.0
39	0	2	34	736280	2.5
124	1	1	32	736280	1.0
55	3	1	84	736281	2.5
91	1	2	62	736281	2.5
123	1	3	147	736281	2.5
33	1	0	19	736281	2.5
97	4	0	5	736281	2.5
171	4	1	116	736281	2.5
210	2	0	72	736281	2.5
65	2	0	83	736281	2.5
20	8	1	70	736281	2.5
243	3	0	218	736281	1.0
196	1	0	215	736281	2.5
217	1	0	1	736281	1.0
86	1	1	28	736281	2.5
106	1	0	211	736281	1.0
205	0	0	94	736281	1.0
192	1	0	36	736281	1.0
32	2	3	115	736282	1.0
127	2	1	166	736282	1.0
143	0	3	161	736282	1.0
170	1	1	195	736282	1.0
64	3	0	237	736283	2.5
44	0	0	173	736283	2.5
231	2	0	102	736283	2.5
168	0	2	30	736283	2.5
9	3	0	46	736283	2.5
43	3	1	232	736283	2.5
165	0	0	135	736283	2.5
26	1	0	167	736283	2.5
50	4	0	234	736283	2.5
107	2	1	185	736283	2.5
214	0	0	101	736283	2.5
219	2	2	12	736283	2.5
149	0	0	150	736283	2.5
230	2	0	188	736283	1.0
95	3	1	223	736283	2.5
199	2	1	235	736283	2.5
130	0	2	98	736283	1.0
56	1	1	58	736283	1.0
108	0	0	117	736283	1.0
105	0	0	82	736283	1.0
13	0	0	194	736283	1.0
158	0	3	52	736283	1.0
67	2	2	203	736283	1.0
75	0	0	51	736283	1.0
110	1	0	119	736283	1.0
141	2	1	221	736283	1.0
177	1	0	176	736283	1.0
224	0	0	132	736283	1.0
124	0	1	146	736283	1.0
142	1	1	198	736283	1.0
47	1	1	78	736283	1.0
16	0	0	114	736283	1.0
97	0	2	213	736284	1.0
219	4	2	100	736287	1.0
205	1	1	70	736287	1.0
169	0	0	192	736287	1.0
127	3	2	36	736288	1.0
143	1	2	238	736288	1.0
8	0	1	70	736290	1.0
169	2	2	100	736290	1.0
219	1	0	192	736290	1.0
36	1	3	143	736291	1.0
127	0	1	238	736291	1.0
169	0	1	219	736293	1.0
192	1	2	100	736293	1.0
143	1	0	127	736294	1.0
238	2	1	36	736294	1.0
100	2	1	238	736301	1.0
143	0	2	219	736302	1.0
238	2	2	100	736305	1.0
219	4	0	143	736306	1.0
100	2	1	219	736312	1.0
219	2	0	100	736315	1.0
51	0	0	243	736324	1.0
151	2	1	223	736325	1.0
151	1	3	223	736328	1.0
224	2	0	229	736333	1.0
141	1	0	34	736333	1.0
223	1	1	211	736333	1.0
37	2	0	62	736334	1.0
211	2	4	94	736335	1.0
3	3	1	132	736336	1.0
129	1	2	34	736336	1.0
120	1	2	187	736337	1.0
65	1	0	224	736337	1.0
213	1	2	51	736337	1.0
94	3	3	223	736337	1.0
194	1	3	229	736337	1.0
141	1	0	74	736338	1.0
37	1	1	243	736339	1.0
185	0	0	195	736339	1.0
3	6	0	132	736339	1.0
44	0	2	98	736339	1.0
51	3	0	229	736340	1.0
48	0	2	187	736340	1.0
43	1	1	52	736340	1.0
213	6	0	194	736341	1.0
95	2	1	151	736342	1.0
195	2	0	74	736342	1.0
165	0	0	21	736343	1.0
50	0	0	66	736343	1.0
34	1	1	37	736343	3.0
44	1	1	52	736343	1.0
78	1	1	92	736343	3.0
36	2	7	185	736343	1.0
3	2	2	243	736344	3.0
224	0	2	187	736344	3.0
21	0	3	50	736344	1.0
66	1	2	95	736344	1.0
98	0	1	43	736344	1.0
165	2	1	151	736345	1.0
62	1	0	141	736345	3.0
51	0	0	221	736345	3.0
66	3	1	21	736346	1.0
173	1	1	137	736346	1.0
83	1	0	229	736346	3.0
129	0	0	65	736346	3.0
78	1	1	34	736347	3.0
37	2	1	92	736347	3.0
50	0	0	151	736347	1.0
165	0	1	95	736347	1.0
3	1	2	224	736348	3.0
187	2	0	243	736348	3.0
141	3	1	221	736349	3.0
51	2	2	62	736349	3.0
151	3	1	21	736349	1.0
65	1	0	229	736350	3.0
83	1	0	129	736350	3.0
165	1	0	66	736350	1.0
95	1	1	50	736350	1.0
21	0	1	95	736351	1.0
66	1	0	151	736351	1.0
165	1	0	50	736351	1.0
23	2	4	38	736351	1.0
92	0	2	34	736351	3.0
37	0	0	78	736351	3.0
235	2	2	80	736352	1.0
187	2	2	3	736352	3.0
243	2	4	224	736352	3.0
221	1	3	62	736353	3.0
141	1	0	51	736353	3.0
108	1	0	80	736354	1.0
229	1	1	129	736354	3.0
65	1	0	83	736354	3.0
30	1	0	46	736355	1.0
34	2	0	224	736357	3.0
187	1	1	37	736357	3.0
234	0	0	188	736358	1.0
65	1	0	141	736358	3.0
62	1	2	83	736358	3.0
34	1	1	65	736361	3.0
37	2	0	83	736362	3.0
234	1	0	106	736364	1.0
34	1	0	83	736364	3.0
65	1	2	37	736365	3.0
135	1	0	98	736368	1.0
95	0	1	106	736377	1.0
64	3	1	95	736382	1.0
182	0	2	5	736382	1.0
173	1	2	14	736397	1.0
223	2	0	18	736398	1.0
35	7	0	59	736399	1.0
35	1	0	59	736401	1.0
101	0	1	102	736406	1.0
182	0	2	137	736407	1.0
100	1	3	143	736409	1.0
169	0	0	127	736410	1.0
184	0	1	125	736410	2.5
59	2	0	200	736410	2.5
240	0	1	164	736410	1.0
186	1	1	38	736410	1.0
238	1	1	216	736410	1.0
36	2	3	99	736410	1.0
56	3	0	122	736410	1.0
82	1	0	67	736410	1.0
55	3	1	109	736410	1.0
173	0	1	101	736411	2.5
166	1	3	215	736411	2.5
44	1	0	199	736411	2.5
231	0	2	107	736411	2.5
102	1	1	12	736411	2.5
219	0	3	185	736411	2.5
214	1	0	235	736411	2.5
54	1	1	66	736411	1.0
16	1	1	217	736411	1.0
108	4	0	96	736411	1.0
110	1	1	229	736411	1.0
46	1	0	26	736411	2.5
153	1	1	187	736411	1.0
1	2	1	192	736411	1.0
80	1	3	188	736412	2.5
237	2	2	168	736412	2.5
167	2	1	64	736412	2.5
9	1	0	43	736412	2.5
52	1	0	230	736412	2.5
103	0	0	239	736412	2.5
232	1	4	30	736412	2.5
47	2	0	133	736412	2.5
203	4	1	104	736412	2.5
13	2	0	137	736412	2.5
225	2	0	74	736412	2.5
121	0	3	77	736412	2.5
91	2	2	78	736412	1.0
132	1	0	22	736412	1.0
177	0	2	51	736412	1.0
105	2	0	2	736412	2.5
223	1	0	165	736412	2.5
120	0	0	221	736412	1.0
135	2	0	50	736412	2.5
234	6	0	95	736412	2.5
141	2	0	34	736412	1.0
224	0	1	37	736412	1.0
112	1	2	98	736412	2.5
5	0	0	72	736413	2.5
213	4	0	19	736413	2.5
123	1	3	75	736413	2.5
94	3	1	151	736413	3.0
171	3	0	97	736413	2.5
210	1	0	116	736413	2.5
55	0	0	70	736413	2.5
198	3	1	92	736413	1.0
73	0	2	150	736413	2.5
142	2	0	6	736413	1.0
218	2	0	29	736413	1.0
20	1	1	86	736413	2.5
33	2	0	147	736413	2.5
28	5	0	84	736413	2.5
125	3	2	184	736414	2.5
67	2	0	122	736414	2.5
10	2	0	109	736414	2.5
216	1	3	226	736414	2.5
182	0	6	56	736414	2.5
176	0	0	58	736414	2.5
14	1	4	82	736414	2.5
110	2	1	62	736414	1.0
186	1	0	195	736414	2.5
158	2	0	160	736414	2.5
243	0	0	242	736414	1.0
139	1	2	170	736414	2.5
130	1	3	194	736414	2.5
41	1	2	79	736415	1.0
132	2	1	48	736415	1.0
225	3	1	137	736415	1.0
95	1	1	50	736416	2.5
165	1	1	234	736416	2.5
101	1	0	44	736416	2.5
185	1	0	102	736416	2.5
117	2	0	96	736416	2.5
150	2	0	73	736416	2.5
12	2	0	231	736416	2.5
200	6	0	59	736416	2.5
43	3	1	237	736416	2.5
143	0	1	99	736416	2.5
169	4	1	146	736416	2.5
108	7	0	36	736416	2.5
107	4	0	219	736416	2.5
16	0	0	192	736416	2.5
133	1	1	47	736416	2.5
161	14	0	24	736416	2.5
1	1	1	238	736416	2.5
114	1	0	124	736416	2.5
128	0	3	164	736416	2.5
223	0	1	135	736416	2.5
240	2	1	217	736416	2.5
30	3	0	167	736416	2.5
235	1	0	173	736416	2.5
171	2	3	213	736416	1.0
70	3	0	52	736416	1.0
177	3	3	20	736416	1.0
13	1	1	74	736416	1.0
147	1	2	105	736416	1.0
26	2	0	9	736416	2.5
80	5	0	116	736416	1.0
2	1	2	28	736416	1.0
65	3	0	221	736416	1.0
198	0	0	6	736416	1.0
75	0	2	203	736416	1.0
199	1	0	214	736416	2.5
37	1	2	91	736416	1.0
142	1	0	118	736416	1.0
77	3	0	19	736416	1.0
123	0	2	39	736416	1.0
103	0	1	98	736416	1.0
168	2	1	232	736416	2.5
141	1	0	224	736416	1.0
64	0	2	46	736416	2.5
218	2	1	35	736416	1.0
215	1	2	166	736417	2.5
151	3	0	94	736417	3.0
110	0	0	126	736437	1.0
125	1	0	126	736441	1.0
197	1	2	200	736441	1.0
133	2	1	190	736441	1.0
131	4	1	88	736445	1.0
190	1	1	133	736448	1.0
126	0	1	125	736448	1.0
200	2	0	197	736449	1.0
87	2	2	223	736449	1.0
34	1	1	22	736453	1.0
205	2	1	18	736456	1.0
187	2	0	132	736460	1.0
65	1	0	240	736462	1.0
88	2	2	60	736466	1.0
22	2	2	34	736470	1.0
83	1	1	22	736474	1.0
73	1	1	196	736474	1.0
95	2	2	66	736477	1.0
135	1	2	52	736477	1.0
73	1	0	196	736477	1.0
105	8	0	182	736480	1.0
141	1	2	147	736480	1.0
51	1	1	22	736480	1.0
221	0	3	153	736481	1.0
210	1	0	19	736481	1.0
102	1	0	108	736481	1.0
75	5	0	167	736482	1.0
135	3	1	103	736482	1.0
43	3	0	34	736482	1.0
161	1	1	214	736482	1.0
151	0	1	26	736482	1.0
178	2	0	141	736482	1.0
158	1	0	150	736482	1.0
71	0	0	229	736483	1.0
171	4	0	55	736483	1.0
234	1	1	237	736483	1.0
78	0	0	242	736484	1.0
123	2	1	2	736484	1.0
221	2	0	47	736484	1.0
118	1	0	132	736484	1.0
10	5	0	205	736484	1.0
147	5	0	51	736484	1.0
103	3	1	232	736484	1.0
139	1	2	101	736484	1.0
20	2	1	56	736485	1.0
77	0	0	225	736485	1.0
62	2	0	29	736485	1.0
97	0	3	177	736485	1.0
65	1	0	120	736485	1.0
187	0	0	229	736485	1.0
119	1	0	191	736485	1.0
16	0	2	164	736486	1.0
192	1	1	143	736486	1.0
187	0	0	229	736486	1.0
173	2	2	155	736486	1.0
1	2	1	128	736486	1.0
99	2	0	146	736486	1.0
235	2	0	219	736486	1.0
230	0	1	130	736486	1.0
3	2	1	91	736486	1.0
58	1	1	82	736486	1.0
104	1	1	137	736486	1.0
80	3	0	205	736487	1.0
231	4	0	115	736487	1.0
73	2	2	149	736487	2.5
44	8	1	169	736487	1.0
107	1	1	214	736487	1.0
203	2	2	46	736487	1.0
26	3	2	151	736487	1.0
96	0	0	108	736487	1.0
74	1	1	121	736487	1.0
105	3	0	232	736487	1.0
102	0	0	199	736487	1.0
50	0	0	165	736488	2.5
12	3	2	185	736488	2.5
36	0	2	100	736488	1.0
135	3	0	95	736488	2.5
237	1	1	64	736488	1.0
168	1	0	167	736488	1.0
234	2	0	223	736488	2.5
196	3	2	166	736489	2.5
147	5	0	123	736489	2.5
120	5	1	190	736489	2.5
209	1	3	125	736489	2.5
84	1	2	55	736489	2.5
29	0	1	132	736489	2.5
70	0	2	20	736489	2.5
72	0	2	210	736489	2.5
116	0	3	171	736489	2.5
213	2	1	75	736489	2.5
19	2	1	33	736489	2.5
30	0	1	9	736489	1.0
177	1	1	43	736489	1.0
28	0	0	86	736489	2.5
5	1	0	97	736489	2.5
37	1	0	141	736490	2.5
152	0	0	212	736490	2.5
92	1	0	144	736490	2.5
51	2	3	91	736490	2.5
191	2	1	110	736490	2.5
187	3	0	68	736490	2.5
153	0	2	198	736490	2.5
218	1	1	118	736490	2.5
35	3	0	200	736490	2.5
34	3	1	6	736490	2.5
129	2	1	78	736490	2.5
62	3	1	48	736490	2.5
14	0	1	158	736490	2.5
87	1	2	23	736490	1.0
160	1	1	56	736490	2.5
170	3	1	176	736490	2.5
82	7	0	182	736490	2.5
122	1	2	194	736490	2.5
139	4	1	10	736490	2.5
186	2	2	67	736490	2.5
126	1	0	47	736490	2.5
242	0	1	142	736490	2.5
109	1	3	58	736490	2.5
195	2	0	130	736490	2.5
135	1	1	234	736491	2.5
83	5	0	71	736491	2.5
243	3	0	119	736491	2.5
149	2	1	73	736491	2.5
41	2	1	178	736491	2.5
3	1	0	221	736491	2.5
39	0	1	229	736491	2.5
112	1	4	225	736491	2.5
77	1	2	203	736491	2.5
105	5	0	121	736491	2.5
98	1	0	52	736491	2.5
137	2	2	80	736491	2.5
103	1	1	13	736491	2.5
74	1	2	230	736491	2.5
104	0	3	2	736491	2.5
188	1	1	239	736491	2.5
22	1	0	79	736491	2.5
101	2	0	235	736492	2.5
224	1	0	65	736492	2.5
116	1	2	70	736492	1.0
19	1	0	150	736492	1.0
226	1	2	16	736493	2.5
219	1	1	231	736493	2.5
127	1	2	117	736493	2.5
99	1	0	114	736493	2.5
36	1	0	1	736493	2.5
146	0	0	240	736493	2.5
173	3	2	199	736493	2.5
96	1	1	155	736493	2.5
124	0	4	143	736493	2.5
164	2	1	161	736493	2.5
24	0	2	128	736493	2.5
217	3	4	169	736493	2.5
238	0	0	108	736493	2.5
75	3	2	67	736493	1.0
37	0	4	46	736493	1.0
214	2	2	44	736493	2.5
198	1	2	242	736493	1.0
166	1	2	196	736493	2.5
50	2	1	223	736493	2.5
165	2	2	95	736493	2.5
176	3	2	43	736493	1.0
192	0	6	9	736493	1.0
160	1	1	213	736493	1.0
12	0	4	30	736493	1.0
102	1	1	107	736493	2.5
100	0	0	172	736493	1.0
38	2	1	54	736494	1.0
168	3	1	106	736494	1.0
64	3	0	66	736494	1.0
177	2	0	150	736497	3.0
54	0	0	151	736497	1.0
76	3	0	18	736497	1.0
171	2	2	135	736498	3.0
37	0	2	43	736498	3.0
12	2	3	82	736499	3.0
177	0	1	171	736501	3.0
135	2	1	150	736501	3.0
82	1	1	43	736502	3.0
37	1	1	12	736502	3.0
150	0	4	171	736504	3.0
135	2	1	177	736504	3.0
43	1	1	12	736505	3.0
82	3	1	37	736505	3.0
218	2	0	126	736505	1.0
133	0	1	6	736505	1.0
142	0	4	243	736506	1.0
125	2	0	190	736506	1.0
6	0	0	218	736507	1.0
126	0	0	133	736507	1.0
190	1	2	142	736508	1.0
208	1	2	206	736508	1.0
171	1	1	43	736508	3.0
243	0	0	125	736508	1.0
82	4	1	135	736509	3.0
135	1	0	83	736509	1.0
218	1	1	133	736509	1.0
126	0	0	6	736509	1.0
87	1	1	60	736509	1.0
243	6	0	190	736510	1.0
142	1	4	125	736510	1.0
60	2	1	18	736510	1.0
234	2	1	83	736511	1.0
29	1	2	242	736511	1.0
144	1	1	118	736511	1.0
87	2	0	206	736511	1.0
198	0	1	218	736512	1.0
171	1	1	135	736512	3.0
43	0	1	82	736512	3.0
212	1	2	243	736512	1.0
87	4	3	208	736513	1.0
18	1	1	206	736513	1.0
144	1	0	212	736514	1.0
206	0	0	60	736514	1.0
29	0	2	198	736514	1.0
208	4	2	18	736514	1.0
242	4	2	218	736515	1.0
118	3	4	243	736515	1.0
87	0	2	18	736516	1.0
60	2	2	208	736516	1.0
218	1	1	118	736517	1.0
198	1	0	144	736517	1.0
132	2	1	187	736518	1.0
95	0	1	50	736518	3.0
76	2	4	38	736518	3.0
234	1	1	165	736518	3.0
131	2	0	151	736519	3.0
221	1	2	83	736519	1.0
219	3	0	155	736519	1.0
242	1	3	243	736519	1.0
135	3	1	66	736520	3.0
54	0	2	106	736520	3.0
50	1	1	38	736522	3.0
95	3	0	76	736522	3.0
165	2	1	151	736523	3.0
234	3	2	131	736523	3.0
66	2	0	54	736524	3.0
34	1	1	19	736524	1.0
200	0	0	229	736524	1.0
135	0	0	106	736524	3.0
47	2	0	118	736525	1.0
165	3	0	131	736525	3.0
38	0	0	95	736525	3.0
50	3	0	76	736525	3.0
29	0	2	198	736525	1.0
191	1	1	187	736525	1.0
59	1	5	71	736525	1.0
218	1	1	178	736525	1.0
79	0	0	129	736525	1.0
92	1	3	91	736525	1.0
119	0	2	132	736526	1.0
221	1	1	22	736526	1.0
34	1	1	155	736526	1.0
19	1	1	219	736526	1.0
125	2	2	142	736526	1.0
133	0	1	6	736526	1.0
144	1	0	243	736526	1.0
212	0	4	242	736526	1.0
151	0	3	234	736526	3.0
106	1	1	66	736527	3.0
54	0	2	135	736527	3.0
234	2	0	66	736529	3.0
50	1	0	165	736529	3.0
135	1	0	95	736530	3.0
106	2	1	38	736530	3.0
22	1	1	221	736531	1.0
187	3	1	191	736532	1.0
91	7	0	92	736532	1.0
129	4	0	79	736532	1.0
178	0	0	218	736532	1.0
229	5	1	200	736532	1.0
198	1	0	29	736532	1.0
242	3	0	212	736532	1.0
50	0	2	234	736532	3.0
135	0	1	106	736533	3.0
142	0	2	125	736533	1.0
118	1	0	47	736533	1.0
243	1	1	144	736533	1.0
35	0	0	209	736533	1.0
6	3	2	133	736533	1.0
132	0	1	119	736533	1.0
62	1	0	34	736535	1.0
64	3	1	223	736536	1.0
234	2	1	106	736536	3.0
141	1	1	34	736538	1.0
196	0	0	236	736538	1.0
209	1	0	35	736539	1.0
68	1	0	48	736540	1.0
141	3	1	62	736541	1.0
242	0	0	71	736546	1.0
178	2	1	209	736548	1.0
3	1	2	120	736552	1.0
65	1	1	141	736552	1.0
184	0	2	37	736552	1.0
48	0	0	62	736552	1.0
229	3	0	178	736553	1.0
132	2	2	129	736553	1.0
34	2	2	83	736553	1.0
198	2	2	242	736553	1.0
152	2	1	51	736554	1.0
125	0	0	6	736554	1.0
22	1	0	153	736554	1.0
71	1	1	209	736554	1.0
47	2	1	144	736554	1.0
187	3	1	91	736556	1.0
5	0	1	173	736557	1.0
141	3	1	65	736559	1.0
120	1	1	3	736559	1.0
62	1	1	48	736559	1.0
51	1	0	152	736560	1.0
6	1	0	125	736560	1.0
129	0	1	132	736560	1.0
178	2	0	229	736560	1.0
209	1	0	71	736560	1.0
37	2	0	184	736560	1.0
99	2	1	133	736560	1.0
242	2	0	198	736560	1.0
153	2	0	22	736560	1.0
83	1	2	34	736561	1.0
144	2	0	47	736561	1.0
205	1	1	133	736563	1.0
127	1	2	214	736563	1.0
91	5	0	187	736564	1.0
173	2	1	226	736564	1.0
99	1	1	205	736565	1.0
223	1	2	106	736565	1.0
235	5	0	114	736566	1.0
102	1	1	214	736567	1.0
16	0	0	108	736570	1.0
143	1	0	127	736570	1.0
231	2	1	185	736570	2.5
161	2	0	1	736571	1.0
55	3	2	28	736572	2.5
86	0	0	70	736572	2.5
214	3	1	173	736572	2.5
91	3	2	120	736572	2.5
20	9	0	84	736572	2.5
44	1	0	235	736572	2.5
210	3	0	5	736572	2.5
237	0	0	46	736572	2.5
107	2	0	12	736572	2.5
171	5	1	72	736572	2.5
199	0	0	101	736572	2.5
221	2	0	152	736572	1.0
97	3	1	116	736572	2.5
132	1	1	110	736572	1.0
192	1	1	96	736572	1.0
219	1	2	102	736572	2.5
33	3	2	213	736572	2.5
75	4	0	147	736572	2.5
123	1	0	19	736572	2.5
229	1	0	65	736572	2.5
194	1	0	195	736573	2.5
153	4	0	37	736573	2.5
39	2	1	198	736573	2.5
223	1	2	95	736573	2.5
83	1	1	48	736573	2.5
122	0	3	186	736573	2.5
141	6	0	129	736573	2.5
135	1	0	165	736573	2.5
224	2	1	62	736573	2.5
234	0	2	50	736573	2.5
150	6	1	196	736573	2.5
58	4	0	170	736573	2.5
30	2	0	64	736573	2.5
109	0	3	139	736573	2.5
232	0	0	9	736573	2.5
43	0	3	167	736573	2.5
130	0	4	67	736573	2.5
168	2	1	26	736573	2.5
56	1	2	82	736573	2.5
182	0	3	158	736573	2.5
160	2	0	14	736573	2.5
176	1	0	10	736573	2.5
239	1	0	13	736574	2.5
38	2	0	106	736574	1.0
242	3	1	3	736574	2.5
52	1	0	112	736574	2.5
188	3	0	137	736574	2.5
230	2	0	225	736574	2.5
104	0	1	77	736574	2.5
78	0	3	51	736574	2.5
218	2	0	29	736574	1.0
74	1	0	98	736574	2.5
80	1	1	103	736574	2.5
142	1	1	110	736574	1.0
100	0	0	73	736574	1.0
96	4	0	124	736574	1.0
187	0	0	34	736574	2.5
2	2	0	121	736574	2.5
203	3	0	105	736574	2.5
147	3	1	33	736575	2.5
116	0	3	210	736575	2.5
72	1	0	5	736575	2.5
70	1	0	55	736575	2.5
19	0	4	213	736575	2.5
86	1	2	20	736575	2.5
97	0	1	171	736575	2.5
84	0	4	28	736575	2.5
75	0	0	123	736575	2.5
68	1	2	22	736575	1.0
67	2	1	194	736576	2.5
82	6	0	160	736576	2.5
158	2	0	56	736576	2.5
14	5	1	182	736576	2.5
139	1	0	176	736576	2.5
10	1	4	58	736576	2.5
120	1	0	91	736576	2.5
37	1	1	153	736576	2.5
186	2	0	130	736576	2.5
221	0	1	126	736576	1.0
170	3	0	109	736576	2.5
195	4	0	122	736576	2.5
62	2	2	224	736577	2.5
112	0	1	74	736577	2.5
64	1	2	168	736577	2.5
95	1	1	234	736577	2.5
9	1	1	237	736577	2.5
173	1	2	44	736577	2.5
46	1	1	30	736577	2.5
16	5	0	216	736577	2.5
101	2	2	214	736577	2.5
108	4	1	1	736577	2.5
165	3	0	223	736577	2.5
24	0	2	164	736577	2.5
161	5	0	128	736577	2.5
192	1	1	226	736577	2.5
146	1	2	217	736577	2.5
155	2	2	117	736577	2.5
124	0	2	99	736577	2.5
169	2	2	240	736577	2.5
127	1	1	96	736577	2.5
26	1	0	43	736577	2.5
36	1	2	238	736577	2.5
167	1	2	232	736577	2.5
121	0	8	203	736577	2.5
12	2	1	219	736577	2.5
105	1	0	104	736577	2.5
103	0	1	188	736577	2.5
77	1	1	2	736577	2.5
13	1	1	80	736577	2.5
102	1	0	231	736577	2.5
98	2	0	230	736577	2.5
225	1	0	52	736577	2.5
137	0	2	239	736577	2.5
50	1	1	135	736577	2.5
185	1	0	107	736577	2.5
51	1	2	78	736577	2.5
3	0	1	242	736577	2.5
129	0	0	141	736577	2.5
34	2	2	187	736577	2.5
235	0	0	199	736577	2.5
198	1	2	39	736577	2.5
48	1	5	83	736577	2.5
196	2	2	150	736577	2.5
152	2	0	132	736577	1.0
65	1	0	229	736577	2.5
124	3	1	115	736604	1.0
229	1	2	125	736606	1.0
100	3	1	36	736606	1.0
108	1	1	161	736606	1.0
130	1	1	122	736607	2.5
182	0	8	160	736607	2.5
26	0	0	30	736607	2.5
67	1	0	195	736607	2.5
186	1	0	194	736607	2.5
237	0	0	232	736607	2.5
176	3	1	109	736607	2.5
14	1	2	56	736607	2.5
139	0	1	58	736607	2.5
10	1	6	170	736607	2.5
96	4	0	115	736607	1.0
173	3	1	192	736607	1.0
102	2	1	110	736607	1.0
101	2	0	221	736607	1.0
214	1	1	12	736607	2.5
216	4	2	138	736607	1.0
158	1	3	82	736607	2.5
203	3	0	2	736608	2.5
225	0	3	98	736608	2.5
121	0	1	104	736608	2.5
52	1	1	74	736608	2.5
103	2	0	137	736608	2.5
13	3	2	188	736608	2.5
105	1	1	77	736608	2.5
135	3	1	223	736608	2.5
80	0	1	239	736608	2.5
112	0	2	230	736608	2.5
47	1	0	132	736608	1.0
107	2	1	150	736608	1.0
234	4	0	165	736608	2.5
46	1	2	167	736608	2.5
43	2	1	64	736608	2.5
9	0	0	168	736608	2.5
129	0	0	51	736608	2.5
37	2	0	3	736609	2.5
84	0	6	70	736609	2.5
120	1	2	62	736609	2.5
198	3	1	34	736609	2.5
153	1	0	242	736609	2.5
39	0	2	187	736609	2.5
141	3	0	78	736609	2.5
213	8	0	123	736609	2.5
229	0	0	83	736609	2.5
91	1	4	224	736609	2.5
55	1	2	86	736609	2.5
210	5	2	97	736609	2.5
50	1	1	95	736609	2.5
33	0	1	75	736609	2.5
28	3	4	20	736609	2.5
72	0	0	116	736609	2.5
19	1	3	147	736609	2.5
218	1	1	126	736609	1.0
185	5	2	106	736609	1.0
177	4	2	199	736609	1.0
87	1	0	93	736609	1.0
5	0	2	171	736609	2.5
109	1	1	10	736610	2.5
56	5	0	182	736610	2.5
195	2	2	186	736610	2.5
82	5	1	14	736610	2.5
122	0	1	67	736610	2.5
170	4	2	139	736610	2.5
194	3	0	130	736610	2.5
65	2	1	48	736610	2.5
219	1	0	110	736610	1.0
58	1	1	176	736610	2.5
160	1	0	158	736610	2.5
2	0	1	105	736611	2.5
137	0	1	13	736611	2.5
239	0	1	103	736611	2.5
188	1	0	80	736611	2.5
74	2	2	225	736611	2.5
77	4	0	121	736611	2.5
104	0	1	203	736611	2.5
98	2	0	112	736611	2.5
230	0	2	52	736611	2.5
117	5	0	155	736612	2.5
20	4	0	55	736612	2.5
223	2	1	234	736612	2.5
12	1	1	214	736612	2.5
240	1	1	169	736612	2.5
216	2	1	16	736612	2.5
165	2	1	50	736612	2.5
95	3	2	135	736612	2.5
1	3	3	108	736612	2.5
238	5	0	36	736612	2.5
164	10	0	24	736612	2.5
128	1	3	161	736612	2.5
226	2	1	192	736612	2.5
217	3	0	146	736612	2.5
143	2	2	114	736612	2.5
171	2	0	210	736612	2.5
96	2	0	127	736612	2.5
147	2	0	213	736612	2.5
199	1	3	141	736612	1.0
167	0	1	237	736612	2.5
107	3	3	94	736612	1.0
177	1	1	101	736612	1.0
173	1	2	54	736612	1.0
78	0	1	22	736612	1.0
30	3	0	43	736612	2.5
70	1	2	28	736612	2.5
75	2	1	19	736612	2.5
232	4	2	26	736612	2.5
168	1	1	46	736612	2.5
86	4	0	84	736612	2.5
123	1	1	33	736612	2.5
97	1	0	72	736612	2.5
64	1	3	9	736612	2.5
116	4	0	5	736612	2.5
99	4	1	124	736613	2.5
87	0	5	165	736626	1.0
23	2	3	18	736630	1.0
71	2	3	178	736638	1.0
185	2	0	116	736640	1.0
48	1	1	22	736641	1.0
56	2	1	98	736641	1.0
118	1	0	243	736641	1.0
151	0	3	61	736641	1.0
96	0	2	16	736642	1.0
158	0	1	210	736642	2.5
52	4	1	86	736642	2.5
192	0	1	117	736642	1.0
186	0	1	147	736642	1.0
101	2	1	165	736642	1.0
123	2	1	97	736642	1.0
74	3	0	70	736642	1.0
10	4	1	19	736642	1.0
36	1	2	143	736642	1.0
176	2	0	225	736642	1.0
231	0	1	94	736643	1.0
230	2	1	194	736643	1.0
155	4	1	127	736643	2.5
3	1	1	153	736643	2.5
198	0	2	187	736643	2.5
213	1	0	105	736643	2.5
95	0	0	12	736643	2.5
75	2	0	239	736643	1.0
67	0	0	82	736643	1.0
44	0	2	188	736643	1.0
30	3	1	107	736643	1.0
20	3	3	135	736643	1.0
170	0	0	232	736643	1.0
80	1	0	55	736643	1.0
171	3	0	185	736643	1.0
224	0	0	120	736644	2.5
242	2	2	37	736644	2.5
62	3	1	91	736644	2.5
78	0	0	129	736644	2.5
150	0	0	168	736644	2.5
199	2	1	46	736644	1.0
58	0	0	103	736644	2.5
144	3	1	243	736644	1.0
126	1	1	118	736644	1.0
223	2	2	87	736644	1.0
77	2	0	160	736644	1.0
173	0	1	56	736644	1.0
203	5	0	50	736644	1.0
61	1	0	151	736644	1.0
51	0	2	141	736644	2.5
177	0	1	9	736644	1.0
47	1	1	125	736644	1.0
210	0	0	158	736645	2.5
22	1	1	218	736645	1.0
86	0	0	52	736645	2.5
83	1	1	65	736645	2.5
48	1	1	229	736645	2.5
130	0	3	70	736645	1.0
221	6	0	133	736645	1.0
102	1	1	214	736646	1.0
127	1	4	155	736646	2.5
225	2	3	2	736646	1.0
105	0	0	213	736646	2.5
237	0	1	101	736646	1.0
170	0	1	135	736646	1.0
33	1	0	185	736646	1.0
10	3	2	55	736646	1.0
112	4	3	116	736646	1.0
80	2	2	19	736646	1.0
103	1	5	58	736647	2.5
146	0	0	169	736647	2.5
3	3	0	41	736647	1.0
164	8	1	128	736647	2.5
24	2	4	161	736647	2.5
217	0	0	240	736647	2.5
96	0	1	117	736647	2.5
238	0	0	1	736647	2.5
99	2	2	143	736647	2.5
124	3	4	114	736647	2.5
192	0	3	16	736647	2.5
187	2	1	198	736647	2.5
34	4	0	39	736647	2.5
36	0	1	108	736647	2.5
226	2	1	216	736647	2.5
97	1	0	50	736647	1.0
176	0	3	147	736647	1.0
82	2	2	75	736647	1.0
67	0	0	30	736647	1.0
239	1	1	165	736647	1.0
20	1	0	107	736647	1.0
171	1	1	234	736647	1.0
44	0	4	46	736647	1.0
177	3	3	203	736647	1.0
9	2	4	153	736647	1.0
173	1	1	98	736647	1.0
13	2	1	232	736647	1.0
199	1	1	188	736647	1.0
231	1	0	235	736647	1.0
194	1	0	160	736647	1.0
223	1	1	93	736648	1.0
12	3	1	95	736648	2.5
168	2	0	150	736649	2.5
73	0	2	70	736652	1.0
236	0	1	70	736656	1.0
100	2	1	93	736658	1.0
149	1	1	70	736659	1.0
169	3	1	115	736664	1.0
222	0	8	196	736665	1.0
149	1	2	236	736665	1.0
205	1	0	87	736665	1.0
73	8	0	228	736665	1.0
220	1	2	115	736666	1.0
216	3	0	169	736666	1.0
110	2	0	178	736666	1.0
120	0	0	218	736666	1.0
229	0	0	35	736667	1.0
216	3	1	220	736667	1.0
200	0	3	71	736668	1.0
110	0	0	120	736668	1.0
183	3	1	178	736668	1.0
169	0	1	220	736668	1.0
216	2	0	115	736668	1.0
228	2	1	149	736668	1.0
236	5	0	222	736669	1.0
196	0	0	73	736669	1.0
35	4	1	71	736670	1.0
218	1	2	183	736670	1.0
178	0	0	120	736670	1.0
229	5	1	200	736671	1.0
196	6	0	228	736672	1.0
110	0	0	183	736672	1.0
222	2	4	149	736672	1.0
178	2	1	218	736672	1.0
199	2	2	44	736672	1.0
107	1	0	155	736672	1.0
236	1	1	73	736672	1.0
71	1	1	229	736673	1.0
120	1	0	183	736674	1.0
200	0	0	35	736674	1.0
110	1	0	218	736674	1.0
155	0	1	199	736675	1.0
107	2	1	44	736675	1.0
228	0	10	236	736675	1.0
149	0	1	196	736675	1.0
73	4	0	222	736675	1.0
110	0	0	35	736677	1.0
173	1	2	121	736677	1.0
229	1	2	183	736678	1.0
228	4	3	222	736678	1.0
161	1	0	240	736678	1.0
73	4	1	149	736678	1.0
196	2	3	236	736678	1.0
107	1	4	199	736679	1.0
44	1	1	155	736679	1.0
35	1	2	229	736680	1.0
110	1	1	183	736680	1.0
231	1	0	102	736680	1.0
16	0	0	113	736681	1.0
113	1	2	185	736685	1.0
161	0	1	231	736685	1.0
173	4	0	240	736686	1.0
16	1	1	102	736686	1.0
108	1	1	120	736688	1.0
161	1	0	113	736688	1.0
231	0	0	185	736688	1.0
102	2	1	173	736689	1.0
240	0	1	16	736689	1.0
185	0	2	161	736691	1.0
113	0	0	231	736691	1.0
102	3	0	240	736692	1.0
173	1	1	16	736692	1.0
161	1	0	16	736696	1.0
102	1	1	231	736696	1.0
37	1	1	91	736697	1.0
161	1	1	231	736699	1.0
141	3	1	37	736700	1.0
91	1	1	229	736700	1.0
178	0	0	209	736700	1.0
132	1	1	120	736700	1.0
213	1	1	70	736701	1.0
178	1	1	144	736701	1.0
51	3	1	209	736702	1.0
229	0	1	48	736703	1.0
37	0	0	153	736704	1.0
34	2	0	120	736704	1.0
178	1	4	3	736704	1.0
213	1	0	58	736705	1.0
108	1	2	74	736705	1.0
141	4	0	132	736707	1.0
91	1	2	209	736708	1.0
242	3	1	229	736708	1.0
100	1	4	98	736708	1.0
51	0	1	144	736708	1.0
58	2	3	108	736709	1.0
120	3	0	68	736709	1.0
153	0	0	178	736709	1.0
6	0	0	34	736710	1.0
37	0	1	48	736710	1.0
141	3	1	91	736711	1.0
209	1	0	132	736711	1.0
51	0	2	242	736712	1.0
229	0	1	144	736712	1.0
178	1	0	68	736713	1.0
120	0	1	153	736713	1.0
48	2	0	34	736714	1.0
6	1	0	37	736714	1.0
132	0	1	91	736715	1.0
209	0	0	141	736715	1.0
229	0	0	51	736716	1.0
144	1	1	242	736716	1.0
68	1	3	153	736717	1.0
178	0	1	120	736717	1.0
34	1	1	37	736718	1.0
48	0	0	6	736718	1.0
242	0	1	209	736721	1.0
199	1	0	137	736721	1.0
141	2	0	144	736721	1.0
153	1	1	6	736722	1.0
48	1	1	120	736722	1.0
234	0	0	28	736723	1.0
14	0	0	137	736724	1.0
199	2	2	106	736724	1.0
209	0	1	153	736725	1.0
141	1	1	120	736725	1.0
135	1	0	28	736726	1.0
199	1	0	116	736728	1.0
120	1	1	209	736728	1.0
141	4	0	153	736729	1.0
185	3	0	137	736751	1.0
102	4	1	185	736753	1.0
101	4	0	191	736770	1.0
215	0	0	149	736773	1.0
198	3	5	6	736774	1.0
242	5	4	243	736774	1.0
121	0	1	5	736774	1.0
108	1	0	113	736774	1.0
198	1	1	6	736774	1.0
115	0	1	36	736774	1.0
221	0	0	125	736774	1.0
102	2	3	173	736774	1.0
242	1	1	243	736774	1.0
124	0	1	133	736775	1.0
127	2	2	138	736775	1.0
130	0	1	123	736775	1.0
151	3	1	53	736775	1.0
114	5	1	143	736775	2.5
219	4	2	78	736775	1.0
16	0	0	164	736775	1.0
3	4	1	218	736775	1.0
58	1	0	165	736775	1.0
44	0	6	239	736775	1.0
169	3	2	73	736775	1.0
34	2	0	92	736775	1.0
21	4	2	87	736775	1.0
194	2	1	231	736775	1.0
61	4	0	227	736775	1.0
219	1	1	78	736775	1.0
8	3	2	23	736775	1.0
72	1	1	116	736775	1.0
79	1	1	41	736776	1.0
86	0	1	210	736776	1.0
225	1	0	103	736776	1.0
74	0	0	77	736776	1.0
88	0	1	223	736776	1.0
107	1	1	129	736776	1.0
54	1	1	26	736776	1.0
224	1	0	101	736776	1.0
135	3	0	98	736776	1.0
75	2	3	46	736776	1.0
232	2	0	56	736776	1.0
9	2	0	105	736776	1.0
187	1	1	235	736776	1.0
55	0	0	139	736776	1.0
160	4	1	12	736776	1.0
97	2	3	109	736776	1.0
33	0	1	28	736776	1.0
171	2	1	65	736776	1.0
177	0	3	30	736776	1.0
185	1	1	230	736776	1.0
147	0	1	67	736776	1.0
215	4	3	149	736776	1.0
188	1	2	141	736776	1.0
14	0	1	19	736776	1.0
13	3	0	195	736776	1.0
170	0	1	153	736776	1.0
192	3	2	128	736776	1.0
82	1	1	203	736776	1.0
186	0	1	50	736776	1.0
168	2	0	52	736777	1.0
110	2	2	47	736777	1.0
29	1	0	118	736777	1.0
80	4	0	122	736777	1.0
10	0	0	70	736777	1.0
132	2	0	91	736777	1.0
221	2	2	51	736777	1.0
158	2	1	199	736777	1.0
213	1	2	43	736777	1.0
229	3	1	184	736777	1.0
112	1	0	125	736777	1.0
38	1	0	150	736777	1.0
242	0	2	198	736777	1.0
173	2	2	214	736777	1.0
6	4	2	243	736777	1.0
104	1	2	176	736777	1.0
18	0	0	23	736778	1.0
231	0	1	78	736778	1.0
131	0	0	223	736778	1.0
72	3	0	121	736778	1.0
219	2	3	194	736778	1.0
61	2	1	205	736778	1.0
113	1	3	37	736778	1.0
48	2	0	92	736778	1.0
84	1	0	116	736778	1.0
171	0	3	147	736779	1.0
44	1	4	56	736779	1.0
239	0	1	232	736779	1.0
2	0	1	160	736779	1.0
151	3	3	53	736779	1.0
106	1	1	8	736779	1.0
74	5	0	130	736779	1.0
33	2	1	109	736779	1.0
46	0	0	12	736780	1.0
20	4	0	185	736780	1.0
51	2	1	137	736780	1.0
187	0	0	28	736780	1.0
107	1	2	230	736780	1.0
110	2	3	41	736780	1.0
141	2	0	235	736780	1.0
67	1	1	105	736780	1.0
195	0	2	19	736780	1.0
58	0	0	43	736780	1.0
190	0	0	212	736780	1.0
218	2	0	62	736780	1.0
54	1	0	26	736780	1.0
144	2	1	118	736780	1.0
102	1	1	214	736780	1.0
170	3	2	199	736780	1.0
229	0	0	126	736780	1.0
115	2	2	17	736780	1.0
123	0	4	13	736780	1.0
153	0	2	188	736780	1.0
112	2	0	34	736780	1.0
176	1	0	213	736780	1.0
155	2	0	96	736780	2.5
82	0	1	30	736780	1.0
203	6	1	9	736780	1.0
240	2	1	146	736780	2.5
143	1	0	124	736780	2.5
117	2	1	127	736780	2.5
1	2	1	36	736780	2.5
108	1	1	238	736780	2.5
177	1	3	75	736780	1.0
16	4	0	226	736780	2.5
216	1	0	192	736780	2.5
169	2	1	217	736780	2.5
161	1	0	164	736780	2.5
128	7	0	24	736780	2.5
114	2	1	99	736780	2.5
224	1	0	50	736780	1.0
97	1	0	186	736780	1.0
138	0	2	133	736780	1.0
10	0	1	122	736780	1.0
80	2	0	70	736780	1.0
14	1	1	77	736780	1.0
65	0	1	86	736780	1.0
139	2	2	225	736780	1.0
210	6	0	165	736780	1.0
101	2	1	3	736780	1.0
234	1	0	167	736781	1.0
98	1	3	168	736781	1.0
135	0	1	52	736781	1.0
127	7	0	24	736785	1.0
8	0	0	60	736785	1.0
243	0	1	29	736802	1.0
223	0	1	165	736802	1.0
212	1	0	144	736803	1.0
205	1	3	106	736810	1.0
8	0	2	106	736813	1.0
102	0	0	164	736822	1.0
185	2	0	3	736823	1.0
113	2	0	164	736825	1.0
185	2	0	86	736829	1.0
101	1	0	235	736832	1.0
108	3	0	55	736834	1.0
110	0	1	212	736839	1.0
44	1	0	143	736840	1.0
113	1	1	65	736840	1.0
37	0	1	34	736841	1.0
152	3	3	41	736841	1.0
47	1	1	190	736841	1.0
125	2	1	142	736841	1.0
199	2	0	95	736842	1.0
28	0	0	139	736842	1.0
105	2	1	185	736842	1.0
135	0	0	239	736842	1.0
75	2	0	103	736842	1.0
29	2	1	6	736842	1.0
110	1	0	68	736842	1.0
153	1	1	62	736842	1.0
171	2	2	224	736842	1.0
133	1	0	126	736842	1.0
225	2	1	101	736842	1.0
190	1	1	125	736843	1.0
234	3	0	26	736843	1.0
130	1	1	10	736843	1.0
14	3	0	114	736843	1.0
142	3	0	47	736843	1.0
2	0	3	112	736843	1.0
126	1	1	29	736844	1.0
165	0	0	158	736844	1.0
70	2	0	122	736844	1.0
13	1	0	177	736844	1.0
9	4	0	94	736844	1.0
168	2	0	186	736844	1.0
6	1	0	133	736844	1.0
107	0	2	83	736844	1.0
176	3	2	43	736845	1.0
194	1	1	147	736845	1.0
141	0	0	230	736845	1.0
123	0	0	187	736845	1.0
142	2	1	190	736845	1.0
125	1	0	47	736845	1.0
65	0	0	46	736846	1.0
75	3	1	105	736846	1.0
12	4	0	56	736846	1.0
199	1	3	28	736846	1.0
29	6	0	133	736846	1.0
224	2	2	225	736846	1.0
6	0	0	126	736846	1.0
3	2	3	39	736846	1.0
80	1	0	130	736846	1.0
213	0	0	58	736847	1.0
152	2	1	229	736847	1.0
98	2	3	160	736847	1.0
67	2	1	153	736847	1.0
116	1	0	70	736847	1.0
103	2	1	234	736847	1.0
242	4	3	144	736847	1.0
135	1	0	186	736847	1.0
20	0	0	171	736847	1.0
219	0	2	44	736847	1.0
13	2	1	82	736847	1.0
118	1	0	212	736847	1.0
139	0	2	195	736847	1.0
185	0	3	168	736848	1.0
52	0	2	30	736848	1.0
2	1	4	230	736848	1.0
50	3	0	158	736848	1.0
5	2	4	39	736848	1.0
203	1	1	210	736848	1.0
95	0	1	66	736848	1.0
243	3	1	29	736848	1.0
198	3	4	125	736848	1.0
18	0	0	21	736849	1.0
137	0	0	10	736849	1.0
188	0	1	43	736849	1.0
105	1	1	147	736849	1.0
141	2	1	194	736849	1.0
176	2	0	74	736850	1.0
212	0	2	29	736850	1.0
109	3	0	14	736850	1.0
144	1	4	198	736850	1.0
122	1	1	116	736850	1.0
177	1	1	225	736850	1.0
123	1	0	80	736850	1.0
56	1	0	153	736851	1.0
118	1	3	243	736851	1.0
20	3	0	65	736851	1.0
160	1	0	165	736851	1.0
19	1	1	97	736851	1.0
242	1	0	125	736851	1.0
67	2	0	50	736852	1.0
98	2	2	83	736852	1.0
199	0	0	26	736852	1.0
171	3	0	3	736852	1.0
20	4	1	50	736856	1.0
187	2	0	199	736856	1.0
107	4	2	167	736857	1.0
170	4	0	122	736857	1.0
177	5	0	185	736859	8.0
141	0	1	101	736860	8.0
65	0	1	232	736860	8.0
171	3	3	203	736860	8.0
75	2	1	12	736861	8.0
9	1	1	98	736861	8.0
168	0	1	58	736861	8.0
52	2	0	153	736861	8.0
50	0	1	188	736862	8.0
30	1	1	210	736862	8.0
82	0	1	135	736862	8.0
213	1	0	199	736863	8.0
224	1	2	67	736863	8.0
20	3	0	165	736863	8.0
170	1	2	187	736864	8.0
46	1	2	107	736864	8.0
177	3	1	65	736864	8.0
101	0	1	203	736865	8.0
232	1	0	185	736865	8.0
171	1	0	141	736865	8.0
75	1	0	168	736866	8.0
58	1	1	12	736866	8.0
9	0	3	52	736866	8.0
153	2	0	98	736867	8.0
30	2	0	50	736867	8.0
188	1	2	210	736867	8.0
199	1	2	135	736868	8.0
20	5	2	224	736868	8.0
82	2	1	213	736868	8.0
67	6	1	165	736869	8.0
187	2	2	107	738869	8.0
170	0	3	46	738869	8.0